1 a 14 => [1, 2, 3, 4, 5, 6, 7, 8, 9, 10, 11, 12, 13, 14]
1 e 2 => [1, 2]
1 => [1]
2 => [2]
3 => [3]
4 => [4]
5 => [5]
6 => [6]
7 => [7]
8 => [8]
9 => [9]
10 => [10]
11 => [11]
12 => [12]
13 => [13]
14 => [14]
15 => [15]
16 => [16]
17 => [17]
18 => [18]
19 => [19]
20 => [20]
21 => [21]
22 => [22]
23 => [23]
24 => [24]
1 => [1]
2 => [2]
3 => [3]
1 a 18 => [1, 2, 3, 4, 5, 6, 7, 8, 9, 10, 11, 12, 13, 14, 15, 16, 17, 18]
1 a 5 => [1, 2, 3, 4, 5]
1 a 17 => [1, 2, 3, 4, 5, 6, 7, 8, 9, 10, 11, 12, 13, 14, 15, 16, 17]
1 => [1]
1 a 13 => [1, 2, 3, 4, 5, 6, 7, 8, 9, 10, 11, 12, 13]
1 a 7 => [1, 2, 3, 4, 5, 6, 7]
1 a 13 => [1, 2, 3, 4, 5, 6, 7, 8, 9, 10, 11, 12, 13]
15 => [15]
14 => [14]
01 a 03 => [1, 2, 3]
1 a 13 => [1, 2, 3, 4, 5, 6, 7, 8, 9, 10, 11, 12, 13]
01 => [1]
02 => [2]
1 => [1]
2 => [2]
3 => [3]
01 a 02 => [1, 2]
1 a 11 => [1, 2, 3, 4, 5, 6, 7, 8, 9, 10, 11]
1 => [1]
01 a 02 => [1, 2]
3 => [3]
01 e 03 => [1, 3]
01 a 02 => [1, 2]
01 a 02 => [1, 2]
1 => [1]
2 => [2]
3 => [3]
4 => [4]
1 a 5 => [1, 2, 3, 4, 5]
7 => [7]
9 a 35 => [9, 10, 11, 12, 13, 14, 15, 16, 17, 18, 19, 20, 21, 22, 23, 24, 25, 26, 27, 28, 29, 30, 31, 32, 33, 34, 35]
6 => [6]
8 => [8]
1 a 36 => [1, 2, 3, 4, 5, 6, 7, 8, 9, 10, 11, 12, 13, 14, 15, 16, 17, 18, 19, 20, 21, 22, 23, 24, 25, 26, 27, 28, 29, 30, 31, 32, 33, 34, 35, 36]
1 e 2 => [1, 2]
3 => [3]
1 => [1]
1 a 15 => [1, 2, 3, 4, 5, 6, 7, 8, 9, 10, 11, 12, 13, 14, 15]
1 => [1]
1 => [1]
2 => [2]
1 a 15 => [1, 2, 3, 4, 5, 6, 7, 8, 9, 10, 11, 12, 13, 14, 15]
1 a 13 => [1, 2, 3, 4, 5, 6, 7, 8, 9, 10, 11, 12, 13]
1 => [1]
1 e 2 => [1, 2]
1 => [1]
1 => [1]
1 => [1]
1 a 4 e 8 => [1, 2, 3, 4, 8]
5 a 7 e 9 a 10 => [5, 6, 7, 9, 10]
01 => [1]
02 a 03 => [2, 3]
1 a 7 => [1, 2, 3, 4, 5, 6, 7]
1 a 2 => [1, 2]
3 a 10 => [3, 4, 5, 6, 7, 8, 9, 10]
1 a10 => [1, 2, 3, 4, 5, 6, 7, 8, 9, 10]
1 a 11 => [1, 2, 3, 4, 5, 6, 7, 8, 9, 10, 11]
1 a 11 => [1, 2, 3, 4, 5, 6, 7, 8, 9, 10, 11]
1 => [1]
1 a 14 => [1, 2, 3, 4, 5, 6, 7, 8, 9, 10, 11, 12, 13, 14]
1 a 10 => [1, 2, 3, 4, 5, 6, 7, 8, 9, 10]
1 => [1]
1 => [1]
1 a 3 => [1, 2, 3]
5 a 7 => [5, 6, 7]
8 => [8]
9 a 10 => [9, 10]
4 => [4]
1 a 13 => [1, 2, 3, 4, 5, 6, 7, 8, 9, 10, 11, 12, 13]
01 => [1]
02 => [2]
1 a 19 => [1, 2, 3, 4, 5, 6, 7, 8, 9, 10, 11, 12, 13, 14, 15, 16, 17, 18, 19]
1 a 15 => [1, 2, 3, 4, 5, 6, 7, 8, 9, 10, 11, 12, 13, 14, 15]
1 a 20 => [1, 2, 3, 4, 5, 6, 7, 8, 9, 10, 11, 12, 13, 14, 15, 16, 17, 18, 19, 20]
1 a 15 => [1, 2, 3, 4, 5, 6, 7, 8, 9, 10, 11, 12, 13, 14, 15]
1 a 15 => [1, 2, 3, 4, 5, 6, 7, 8, 9, 10, 11, 12, 13, 14, 15]
1 => [1]
1 a 3 => [1, 2, 3]
4 a 10 => [4, 5, 6, 7, 8, 9, 10]
1 a 20 => [1, 2, 3, 4, 5, 6, 7, 8, 9, 10, 11, 12, 13, 14, 15, 16, 17, 18, 19, 20]
1 a 20 => [1, 2, 3, 4, 5, 6, 7, 8, 9, 10, 11, 12, 13, 14, 15, 16, 17, 18, 19, 20]
1 a 10 => [1, 2, 3, 4, 5, 6, 7, 8, 9, 10]
1 a 18 => [1, 2, 3, 4, 5, 6, 7, 8, 9, 10, 11, 12, 13, 14, 15, 16, 17, 18]
1 a 20 => [1, 2, 3, 4, 5, 6, 7, 8, 9, 10, 11, 12, 13, 14, 15, 16, 17, 18, 19, 20]
1 a 20 => [1, 2, 3, 4, 5, 6, 7, 8, 9, 10, 11, 12, 13, 14, 15, 16, 17, 18, 19, 20]
1 a 10 => [1, 2, 3, 4, 5, 6, 7, 8, 9, 10]
1 a 15 => [1, 2, 3, 4, 5, 6, 7, 8, 9, 10, 11, 12, 13, 14, 15]
1 a 7 => [1, 2, 3, 4, 5, 6, 7]
1 a 20 => [1, 2, 3, 4, 5, 6, 7, 8, 9, 10, 11, 12, 13, 14, 15, 16, 17, 18, 19, 20]
1 a 15 => [1, 2, 3, 4, 5, 6, 7, 8, 9, 10, 11, 12, 13, 14, 15]
1 a 15 => [1, 2, 3, 4, 5, 6, 7, 8, 9, 10, 11, 12, 13, 14, 15]
1 a 15 => [1, 2, 3, 4, 5, 6, 7, 8, 9, 10, 11, 12, 13, 14, 15]
1 e 2 => [1, 2]
1 a 15 => [1, 2, 3, 4, 5, 6, 7, 8, 9, 10, 11, 12, 13, 14, 15]
1 a 20 => [1, 2, 3, 4, 5, 6, 7, 8, 9, 10, 11, 12, 13, 14, 15, 16, 17, 18, 19, 20]
1 e 2 => [1, 2]
3 => [3]
1, 2 e 3 => [1, 2, 3]
1 a 15 => [1, 2, 3, 4, 5, 6, 7, 8, 9, 10, 11, 12, 13, 14, 15]
1 => [1]
1 a 15 => [1, 2, 3, 4, 5, 6, 7, 8, 9, 10, 11, 12, 13, 14, 15]
1 a 15 => [1, 2, 3, 4, 5, 6, 7, 8, 9, 10, 11, 12, 13, 14, 15]
1 a 6 => [1, 2, 3, 4, 5, 6]
01 => [1]
02 => [2]
1 => [1]
1 a 18 => [1, 2, 3, 4, 5, 6, 7, 8, 9, 10, 11, 12, 13, 14, 15, 16, 17, 18]
1 a 15 => [1, 2, 3, 4, 5, 6, 7, 8, 9, 10, 11, 12, 13, 14, 15]
1 a 18 => [1, 2, 3, 4, 5, 6, 7, 8, 9, 10, 11, 12, 13, 14, 15, 16, 17, 18]
1, 3 a 6 => [1, 3, 4, 5, 6]
2 => [2]
7 a 10 => [7, 8, 9, 10]
1 a 10 => [1, 2, 3, 4, 5, 6, 7, 8, 9, 10]
1 a 20 => [1, 2, 3, 4, 5, 6, 7, 8, 9, 10, 11, 12, 13, 14, 15, 16, 17, 18, 19, 20]
1 a 15 => [1, 2, 3, 4, 5, 6, 7, 8, 9, 10, 11, 12, 13, 14, 15]
1 a 15 => [1, 2, 3, 4, 5, 6, 7, 8, 9, 10, 11, 12, 13, 14, 15]
01 => [1]
02 => [2]
1 => [1]
2 => [2]
3 => [3]
4 => [4]
5 => [5]
1-2 => [1, 2]
1 => [1]
2 a 14 => [2, 3, 4, 5, 6, 7, 8, 9, 10, 11, 12, 13, 14]
1 a 14 => [1, 2, 3, 4, 5, 6, 7, 8, 9, 10, 11, 12, 13, 14]
1 a 14 => [1, 2, 3, 4, 5, 6, 7, 8, 9, 10, 11, 12, 13, 14]
1 a 7 => [1, 2, 3, 4, 5, 6, 7]
1 a 15 => [1, 2, 3, 4, 5, 6, 7, 8, 9, 10, 11, 12, 13, 14, 15]
1 a 8 => [1, 2, 3, 4, 5, 6, 7, 8]
1 a 9 => [1, 2, 3, 4, 5, 6, 7, 8, 9]
1 a 9 => [1, 2, 3, 4, 5, 6, 7, 8, 9]
1 a 7 => [1, 2, 3, 4, 5, 6, 7]
1 a 6 e 8 a 9 => [1, 2, 3, 4, 5, 6, 8, 9]
7 => [7]
01 => [1]
02 => [2]
01 => [1]
02 => [2]
03 => [3]
01 a 02 => [1, 2]
1 a 15 => [1, 2, 3, 4, 5, 6, 7, 8, 9, 10, 11, 12, 13, 14, 15]
1 => [1]
2 => [2]
1 a 16 => [1, 2, 3, 4, 5, 6, 7, 8, 9, 10, 11, 12, 13, 14, 15, 16]
1 a 15 => [1, 2, 3, 4, 5, 6, 7, 8, 9, 10, 11, 12, 13, 14, 15]
1 a 15 => [1, 2, 3, 4, 5, 6, 7, 8, 9, 10, 11, 12, 13, 14, 15]
1 a 16 => [1, 2, 3, 4, 5, 6, 7, 8, 9, 10, 11, 12, 13, 14, 15, 16]
1 => [1]
2 => [2]
1 => [1]
1 a 15 => [1, 2, 3, 4, 5, 6, 7, 8, 9, 10, 11, 12, 13, 14, 15]
1 a 15 => [1, 2, 3, 4, 5, 6, 7, 8, 9, 10, 11, 12, 13, 14, 15]
2 a 5 => [2, 3, 4, 5]
11, 13 e 14 => [11, 13, 14]
6 a10 => [6, 7, 8, 9, 10]
1 e 12 => [1, 12]
1 a 10 => [1, 2, 3, 4, 5, 6, 7, 8, 9, 10]
1 a 4 => [1, 2, 3, 4]
10 a 14 => [10, 11, 12, 13, 14]
5 a 9 => [5, 6, 7, 8, 9]
01 => [1]
02 => [2]
03 => [3]
1 a 13 => [1, 2, 3, 4, 5, 6, 7, 8, 9, 10, 11, 12, 13]
1 a 7 => [1, 2, 3, 4, 5, 6, 7]
1 a 9 => [1, 2, 3, 4, 5, 6, 7, 8, 9]
1 a 11 => [1, 2, 3, 4, 5, 6, 7, 8, 9, 10, 11]
1 a 13 => [1, 2, 3, 4, 5, 6, 7, 8, 9, 10, 11, 12, 13]
4 => [4]
5 => [5]
1 a 5 => [1, 2, 3, 4, 5]
6 a 13 => [6, 7, 8, 9, 10, 11, 12, 13]
1 a 9 => [1, 2, 3, 4, 5, 6, 7, 8, 9]
1 a 9 => [1, 2, 3, 4, 5, 6, 7, 8, 9]
1 e 2 => [1, 2]
02 => [2]
1 => [1]
1 a 11 => [1, 2, 3, 4, 5, 6, 7, 8, 9, 10, 11]
1 a 8 => [1, 2, 3, 4, 5, 6, 7, 8]
1 a 9 => [1, 2, 3, 4, 5, 6, 7, 8, 9]
1 a 10 => [1, 2, 3, 4, 5, 6, 7, 8, 9, 10]
3 a 13 => [3, 4, 5, 6, 7, 8, 9, 10, 11, 12, 13]
1 a 2 => [1, 2]
1 a 11 => [1, 2, 3, 4, 5, 6, 7, 8, 9, 10, 11]
6 => [6]
1,2 e 9 a 13 => [1, 2, 9, 10, 11, 12, 13]
3 e 5 => [3, 5]
8 => [8]
4 => [4]
7 => [7]
01 => [1]
02 => [2]
1 a 13 => [1, 2, 3, 4, 5, 6, 7, 8, 9, 10, 11, 12, 13]
1 a 13 => [1, 2, 3, 4, 5, 6, 7, 8, 9, 10, 11, 12, 13]
1 a 13 => [1, 2, 3, 4, 5, 6, 7, 8, 9, 10, 11, 12, 13]
1 a 9 => [1, 2, 3, 4, 5, 6, 7, 8, 9]
1 a 7 => [1, 2, 3, 4, 5, 6, 7]
1 a 13 => [1, 2, 3, 4, 5, 6, 7, 8, 9, 10, 11, 12, 13]
4 a 6, 8 => [4, 5, 6, 8]
1 a 3, 7,9 a 16 => [1, 2, 3, 7, 9, 10, 11, 12, 13, 14, 15, 16]
1, 2, 7, 11 e 12 => [1, 2, 7, 11, 12]
3 a 6, 8 a 10 => [3, 4, 5, 6, 8, 9, 10]
1 a 9 => [1, 2, 3, 4, 5, 6, 7, 8, 9]
1 a 15 => [1, 2, 3, 4, 5, 6, 7, 8, 9, 10, 11, 12, 13, 14, 15]
1 a 10 => [1, 2, 3, 4, 5, 6, 7, 8, 9, 10]
1 a 10 => [1, 2, 3, 4, 5, 6, 7, 8, 9, 10]
1 a 13 => [1, 2, 3, 4, 5, 6, 7, 8, 9, 10, 11, 12, 13]
1 a 15 => [1, 2, 3, 4, 5, 6, 7, 8, 9, 10, 11, 12, 13, 14, 15]
1 a 15 => [1, 2, 3, 4, 5, 6, 7, 8, 9, 10, 11, 12, 13, 14, 15]
1 a 14 => [1, 2, 3, 4, 5, 6, 7, 8, 9, 10, 11, 12, 13, 14]
1 a 12 => [1, 2, 3, 4, 5, 6, 7, 8, 9, 10, 11, 12]
1 a 17 => [1, 2, 3, 4, 5, 6, 7, 8, 9, 10, 11, 12, 13, 14, 15, 16, 17]
1 a 15 => [1, 2, 3, 4, 5, 6, 7, 8, 9, 10, 11, 12, 13, 14, 15]
1 a 16 => [1, 2, 3, 4, 5, 6, 7, 8, 9, 10, 11, 12, 13, 14, 15, 16]
1 a 11 => [1, 2, 3, 4, 5, 6, 7, 8, 9, 10, 11]
1 a 13 => [1, 2, 3, 4, 5, 6, 7, 8, 9, 10, 11, 12, 13]
1 a 2 => [1, 2]
3 => [3]
6 => [6]
7 => [7]
9 e 10 => [9, 10]
11 e 12 => [11, 12]
4 => [4]
5 => [5]
8 => [8]
1 a 15 => [1, 2, 3, 4, 5, 6, 7, 8, 9, 10, 11, 12, 13, 14, 15]
1 a 3 => [1, 2, 3]
4 => [4]
1 a 8, 11 => [1, 2, 3, 4, 5, 6, 7, 8, 11]
9 => [9]
10 e 12 => [10, 12]
1 a 18 => [1, 2, 3, 4, 5, 6, 7, 8, 9, 10, 11, 12, 13, 14, 15, 16, 17, 18]
1 => [1]
2 => [2]
3 => [3]
1 a 18 => [1, 2, 3, 4, 5, 6, 7, 8, 9, 10, 11, 12, 13, 14, 15, 16, 17, 18]
1 a 17 => [1, 2, 3, 4, 5, 6, 7, 8, 9, 10, 11, 12, 13, 14, 15, 16, 17]
1 a 17 => [1, 2, 3, 4, 5, 6, 7, 8, 9, 10, 11, 12, 13, 14, 15, 16, 17]
1 e 2 => [1, 2]
1 a 2 => [1, 2]
4 a 5 => [4, 5]
3 => [3]
1 e 4 => [1, 4]
5 e 6 => [5, 6]
2 => [2]
3 => [3]
1 a 13 => [1, 2, 3, 4, 5, 6, 7, 8, 9, 10, 11, 12, 13]
1 a 11 => [1, 2, 3, 4, 5, 6, 7, 8, 9, 10, 11]
1 a 8 => [1, 2, 3, 4, 5, 6, 7, 8]
1 a 6, 9, 10 => [1, 2, 3, 4, 5, 6, 9, 10]
7 => [7]
8 e 11 => [8, 11]
1 a 12 => [1, 2, 3, 4, 5, 6, 7, 8, 9, 10, 11, 12]
1 a 18 => [1, 2, 3, 4, 5, 6, 7, 8, 9, 10, 11, 12, 13, 14, 15, 16, 17, 18]
1 a 13 => [1, 2, 3, 4, 5, 6, 7, 8, 9, 10, 11, 12, 13]
01 => [1]
02 => [2]
1 => [1]
2 => [2]
3 => [3]
1 a 6 => [1, 2, 3, 4, 5, 6]
7 a 12 => [7, 8, 9, 10, 11, 12]
1 a 11 => [1, 2, 3, 4, 5, 6, 7, 8, 9, 10, 11]
1 a 6 => [1, 2, 3, 4, 5, 6]
1 a 9 => [1, 2, 3, 4, 5, 6, 7, 8, 9]
1 a 13 => [1, 2, 3, 4, 5, 6, 7, 8, 9, 10, 11, 12, 13]
1 a 13 => [1, 2, 3, 4, 5, 6, 7, 8, 9, 10, 11, 12, 13]
1 a 6 => [1, 2, 3, 4, 5, 6]
7 a12 => [7, 8, 9, 10, 11, 12]
1 e 2 => [1, 2]
1 a 10 => [1, 2, 3, 4, 5, 6, 7, 8, 9, 10]
1 a 4 => [1, 2, 3, 4]
5 a 10 => [5, 6, 7, 8, 9, 10]
1 a 6 => [1, 2, 3, 4, 5, 6]
1 a 15 => [1, 2, 3, 4, 5, 6, 7, 8, 9, 10, 11, 12, 13, 14, 15]
1 a 10 => [1, 2, 3, 4, 5, 6, 7, 8, 9, 10]
1 a 9 => [1, 2, 3, 4, 5, 6, 7, 8, 9]
3 a 6 => [3, 4, 5, 6]
1 a 2 => [1, 2]
9 e 10 => [9, 10]
7 e 8 => [7, 8]
1 a 6 => [1, 2, 3, 4, 5, 6]
7 a 11 => [7, 8, 9, 10, 11]
1 a 11 => [1, 2, 3, 4, 5, 6, 7, 8, 9, 10, 11]
01 => [1]
02 => [2]
1 a 12 => [1, 2, 3, 4, 5, 6, 7, 8, 9, 10, 11, 12]
1 a 5 e 10 a 12 => [1, 2, 3, 4, 5, 10, 11, 12]
6 a 9 e 13 a 15 => [6, 7, 8, 9, 13, 14, 15]
1 a 11 => [1, 2, 3, 4, 5, 6, 7, 8, 9, 10, 11]
1 a 11 => [1, 2, 3, 4, 5, 6, 7, 8, 9, 10, 11]
5 => [5]
1 a 4 e 6 a 8 => [1, 2, 3, 4, 6, 7, 8]
1 a 9 => [1, 2, 3, 4, 5, 6, 7, 8, 9]
1 a 11 => [1, 2, 3, 4, 5, 6, 7, 8, 9, 10, 11]
1 => [1]
1 a 9 => [1, 2, 3, 4, 5, 6, 7, 8, 9]
1 => [1]
1 => [1]
1 a 10 => [1, 2, 3, 4, 5, 6, 7, 8, 9, 10]
1 a 14 => [1, 2, 3, 4, 5, 6, 7, 8, 9, 10, 11, 12, 13, 14]
1 => [1]
1 a 11 => [1, 2, 3, 4, 5, 6, 7, 8, 9, 10, 11]
1 a 11 => [1, 2, 3, 4, 5, 6, 7, 8, 9, 10, 11]
1 a 10 => [1, 2, 3, 4, 5, 6, 7, 8, 9, 10]
1 a 11 => [1, 2, 3, 4, 5, 6, 7, 8, 9, 10, 11]
1 a 11 => [1, 2, 3, 4, 5, 6, 7, 8, 9, 10, 11]
1 a 11 => [1, 2, 3, 4, 5, 6, 7, 8, 9, 10, 11]
1 a 13 => [1, 2, 3, 4, 5, 6, 7, 8, 9, 10, 11, 12, 13]
01 a 02 => [1, 2]
1 e 2 => [1, 2]
1 a 18 => [1, 2, 3, 4, 5, 6, 7, 8, 9, 10, 11, 12, 13, 14, 15, 16, 17, 18]
1 => [1]
1 a 10 => [1, 2, 3, 4, 5, 6, 7, 8, 9, 10]
3 => [3]
1,5,6 e 7 => [1, 5, 6, 7]
2, 4 e 9 => [2, 4, 9]
8 => [8]
1 => [1]
10 => [10]
7 e 8 => [7, 8]
5 => [5]
2 => [2]
4 => [4]
3 => [3]
6 => [6]
9 => [9]
1 e 2 => [1, 2]
10 => [10]
8 e 9 => [8, 9]
5 a 7 => [5, 6, 7]
3 e 4 => [3, 4]
1 a 9 => [1, 2, 3, 4, 5, 6, 7, 8, 9]
1 a 10 => [1, 2, 3, 4, 5, 6, 7, 8, 9, 10]
1, 2, e 7 => [1, 2, 7]
4 e 6 => [4, 6]
3, 5 e 8 => [3, 5, 8]
1 a 12 => [1, 2, 3, 4, 5, 6, 7, 8, 9, 10, 11, 12]
1 a 13 => [1, 2, 3, 4, 5, 6, 7, 8, 9, 10, 11, 12, 13]
2 e 6 => [2, 6]
1 e 3 => [1, 3]
4, 5 e 7 => [4, 5, 7]
8 => [8]
1 a 4, e 6 => [1, 2, 3, 4, 6]
5 => [5]
1 a 5, e 7 => [1, 2, 3, 4, 5, 7]
6 => [6]
1 a 6 => [1, 2, 3, 4, 5, 6]
1 a 11 => [1, 2, 3, 4, 5, 6, 7, 8, 9, 10, 11]
1 => [1]
2 => [2]
3 => [3]
1 a 9 => [1, 2, 3, 4, 5, 6, 7, 8, 9]
1 a 8 => [1, 2, 3, 4, 5, 6, 7, 8]
1 a 13 => [1, 2, 3, 4, 5, 6, 7, 8, 9, 10, 11, 12, 13]
1 a 15 => [1, 2, 3, 4, 5, 6, 7, 8, 9, 10, 11, 12, 13, 14, 15]
1 a 15 => [1, 2, 3, 4, 5, 6, 7, 8, 9, 10, 11, 12, 13, 14, 15]
1 a 15 => [1, 2, 3, 4, 5, 6, 7, 8, 9, 10, 11, 12, 13, 14, 15]
1 a 15 => [1, 2, 3, 4, 5, 6, 7, 8, 9, 10, 11, 12, 13, 14, 15]
1 a 15 => [1, 2, 3, 4, 5, 6, 7, 8, 9, 10, 11, 12, 13, 14, 15]
1 a 15 => [1, 2, 3, 4, 5, 6, 7, 8, 9, 10, 11, 12, 13, 14, 15]
1 a 15 => [1, 2, 3, 4, 5, 6, 7, 8, 9, 10, 11, 12, 13, 14, 15]
1 a 15 => [1, 2, 3, 4, 5, 6, 7, 8, 9, 10, 11, 12, 13, 14, 15]
1 => [1]
2 => [2]
01 => [1]
02 => [2]
01 => [1]
02 => [2]
03 => [3]
04 => [4]
1 => [1]
2 => [2]
1 a 15 => [1, 2, 3, 4, 5, 6, 7, 8, 9, 10, 11, 12, 13, 14, 15]
1 => [1]
1 => [1]
1 => [1]
01 a 02 => [1, 2]
1 a 15 => [1, 2, 3, 4, 5, 6, 7, 8, 9, 10, 11, 12, 13, 14, 15]
1 a 13 => [1, 2, 3, 4, 5, 6, 7, 8, 9, 10, 11, 12, 13]
1, 8 e 9 => [1, 8, 9]
2 a 7 => [2, 3, 4, 5, 6, 7]
1 a 5 => [1, 2, 3, 4, 5]
6 a 9 => [6, 7, 8, 9]
1 => [1]
2 => [2]
3 => [3]
1 => [1]
01 a 03 => [1, 2, 3]
01 a 02 => [1, 2]
01 => [1]
02 => [2]
01 => [1]
02 => [2]
8 e 9 => [8, 9]
7, 10, 11 e 12 => [7, 10, 11, 12]
2, 3 e 4 => [2, 3, 4]
1 => [1]
5 => [5]
6 => [6]
1, 2, 3 e 9 => [1, 2, 3, 9]
4, 5, 7 e 8 => [4, 5, 7, 8]
6, 11 e 12 => [6, 11, 12]
10 => [10]
1, 2 e 4 => [1, 2, 4]
10 e 12 => [10, 12]
8 e 11 => [8, 11]
7 e 9 => [7, 9]
6 => [6]
5 => [5]
3 => [3]
1 - 6 => [1, 2, 3, 4, 5, 6]
1 => [1]
2 => [2]
5 => [5]
1 a 15 => [1, 2, 3, 4, 5, 6, 7, 8, 9, 10, 11, 12, 13, 14, 15]
2 e 3 => [2, 3]
1 => [1]
1 => [1]
2 => [2]
3 => [3]
1 => [1]
2 => [2]
1 a 3 => [1, 2, 3]
1 => [1]
2 => [2]
01 a 02 => [1, 2]
1 => [1]
1 => [1]
2 => [2]
3 => [3]
01 a 02 => [1, 2]
1 => [1]
3 a 6 e 8 => [3, 4, 5, 6, 8]
1, 2, 7 e 9 a 11 => [1, 2, 7, 9, 10, 11]
3 e 5 a 11 => [3, 5, 6, 7, 8, 9, 10, 11]
4 => [4]
1 e 2 => [1, 2]
1,5 a 7,10,11 => [1, 5, 6, 7, 10, 11]
2 a 4, 8 e 9 => [2, 3, 4, 8, 9]
3, 5, 7, 9 e 10 => [3, 5, 7, 9, 10]
1, 2, 4, 6, 8 e 11 => [1, 2, 4, 6, 8, 11]
1 a 11 => [1, 2, 3, 4, 5, 6, 7, 8, 9, 10, 11]
3,4,5,6 e 9 => [3, 4, 5, 6, 9]
1,2,7,8,10 e 11 => [1, 2, 7, 8, 10, 11]
1 => [1]
1 a 9 => [1, 2, 3, 4, 5, 6, 7, 8, 9]
01 => [1]
02 => [2]
01 => [1]
02 => [2]
03 => [3]
04 => [4]
1 e 8 => [1, 8]
4 => [4]
13 => [13]
14 => [14]
9 => [9]
10 => [10]
11 => [11]
5 => [5]
2 e 3 => [2, 3]
7 => [7]
6 => [6]
12 => [12]
2 => [2]
12 e 14 => [12, 14]
1 => [1]
11 => [11]
13 => [13]
10 => [10]
8 e 9 => [8, 9]
6 => [6]
5 => [5]
4 => [4]
3 => [3]
7 => [7]
1 a 15 => [1, 2, 3, 4, 5, 6, 7, 8, 9, 10, 11, 12, 13, 14, 15]
1 a 15 => [1, 2, 3, 4, 5, 6, 7, 8, 9, 10, 11, 12, 13, 14, 15]
7 a 10 => [7, 8, 9, 10]
1 a 6 => [1, 2, 3, 4, 5, 6]
1 a 13 => [1, 2, 3, 4, 5, 6, 7, 8, 9, 10, 11, 12, 13]
1, 5 a 15 => [1, 5, 6, 7, 8, 9, 10, 11, 12, 13, 14, 15]
2 a 4 => [2, 3, 4]
1 a 14 => [1, 2, 3, 4, 5, 6, 7, 8, 9, 10, 11, 12, 13, 14]
1 a 17 => [1, 2, 3, 4, 5, 6, 7, 8, 9, 10, 11, 12, 13, 14, 15, 16, 17]
13 => [13]
1 => [1]
10 => [10]
9 e 11 => [9, 11]
8 => [8]
7 => [7]
6 => [6]
12 e 14 => [12, 14]
5 => [5]
4 => [4]
3 => [3]
2 => [2]
1 a 17 => [1, 2, 3, 4, 5, 6, 7, 8, 9, 10, 11, 12, 13, 14, 15, 16, 17]
1 a 17 => [1, 2, 3, 4, 5, 6, 7, 8, 9, 10, 11, 12, 13, 14, 15, 16, 17]
1 a 14 => [1, 2, 3, 4, 5, 6, 7, 8, 9, 10, 11, 12, 13, 14]
6 e 9 => [6, 9]
1 a 5 => [1, 2, 3, 4, 5]
7 e 8 => [7, 8]
3 a 15 => [3, 4, 5, 6, 7, 8, 9, 10, 11, 12, 13, 14, 15]
1 e 2 => [1, 2]
1 a 11 => [1, 2, 3, 4, 5, 6, 7, 8, 9, 10, 11]
12 a 15 => [12, 13, 14, 15]
1 a 16 => [1, 2, 3, 4, 5, 6, 7, 8, 9, 10, 11, 12, 13, 14, 15, 16]
1 a 7 => [1, 2, 3, 4, 5, 6, 7]
8 a 15 => [8, 9, 10, 11, 12, 13, 14, 15]
1 a 8 => [1, 2, 3, 4, 5, 6, 7, 8]
1 a 5, e 11 a 15 => [1, 2, 3, 4, 5, 11, 12, 13, 14, 15]
6 a 10 => [6, 7, 8, 9, 10]
1 a 15 => [1, 2, 3, 4, 5, 6, 7, 8, 9, 10, 11, 12, 13, 14, 15]
14 e 15 => [14, 15]
1 a 13 => [1, 2, 3, 4, 5, 6, 7, 8, 9, 10, 11, 12, 13]
1 a 16 => [1, 2, 3, 4, 5, 6, 7, 8, 9, 10, 11, 12, 13, 14, 15, 16]
1 => [1]
2 => [2]
3 => [3]
1,2,4,5e6 => [1, 2, 4, 5, 6]
9 e 14 => [9, 14]
7 => [7]
3 => [3]
11 e 12 => [11, 12]
8 => [8]
10 => [10]
13 => [13]
1 => [1]
8 a11,13 e 14 => [8, 9, 10, 11, 13, 14]
4 a 6 => [4, 5, 6]
12 => [12]
7 => [7]
2 e 3 => [2, 3]
1 a 16 => [1, 2, 3, 4, 5, 6, 7, 8, 9, 10, 11, 12, 13, 14, 15, 16]
1 a17 => [1, 2, 3, 4, 5, 6, 7, 8, 9, 10, 11, 12, 13, 14, 15, 16, 17]
1 a 16 => [1, 2, 3, 4, 5, 6, 7, 8, 9, 10, 11, 12, 13, 14, 15, 16]
1 a 16 => [1, 2, 3, 4, 5, 6, 7, 8, 9, 10, 11, 12, 13, 14, 15, 16]
1 => [1]
2 => [2]
3 => [3]
1 a 7 => [1, 2, 3, 4, 5, 6, 7]
1 => [1]
1 a 17 => [1, 2, 3, 4, 5, 6, 7, 8, 9, 10, 11, 12, 13, 14, 15, 16, 17]
1 a 17 => [1, 2, 3, 4, 5, 6, 7, 8, 9, 10, 11, 12, 13, 14, 15, 16, 17]
1 a 16 => [1, 2, 3, 4, 5, 6, 7, 8, 9, 10, 11, 12, 13, 14, 15, 16]
1 a 16 => [1, 2, 3, 4, 5, 6, 7, 8, 9, 10, 11, 12, 13, 14, 15, 16]
6 a 10 => [6, 7, 8, 9, 10]
2 e 4 => [2, 4]
1,11,12 e 13 => [1, 11, 12, 13]
5 => [5]
3 => [3]
12, 13 e 14 => [12, 13, 14]
1 a 5 => [1, 2, 3, 4, 5]
7,8,9 e 11 => [7, 8, 9, 11]
10 => [10]
6 => [6]
1 => [1]
2 => [2]
1 => [1]
1 a 4 => [1, 2, 3, 4]
1 a 3 => [1, 2, 3]
1 e 2 => [1, 2]
1 a 5 => [1, 2, 3, 4, 5]
1 a 21 => [1, 2, 3, 4, 5, 6, 7, 8, 9, 10, 11, 12, 13, 14, 15, 16, 17, 18, 19, 20, 21]
01 => [1]
02 => [2]
4 => [4]
1 => [1]
2 => [2]
3 => [3]
4 => [4]
1 => [1]
1 a 3 => [1, 2, 3]
4 => [4]
1 a 7 => [1, 2, 3, 4, 5, 6, 7]
2 a 7 => [2, 3, 4, 5, 6, 7]
8 e 9 => [8, 9]
1 => [1]
1 a 5 => [1, 2, 3, 4, 5]
6 a 9 => [6, 7, 8, 9]
1 a 5 => [1, 2, 3, 4, 5]
1 a 5, 8, 9, 12 a 14 => [1, 2, 3, 4, 5, 8, 9, 12, 13, 14]
6, 7, 10 e 15 => [6, 7, 10, 15]
11 => [11]
1 a 4 => [1, 2, 3, 4]
5 a 8 => [5, 6, 7, 8]
1 a 3 e 5 => [1, 2, 3, 5]
4 => [4]
1 a 5 => [1, 2, 3, 4, 5]
1 a 10 => [1, 2, 3, 4, 5, 6, 7, 8, 9, 10]
1 a 8 => [1, 2, 3, 4, 5, 6, 7, 8]
1 a 14 => [1, 2, 3, 4, 5, 6, 7, 8, 9, 10, 11, 12, 13, 14]
1 a 16 => [1, 2, 3, 4, 5, 6, 7, 8, 9, 10, 11, 12, 13, 14, 15, 16]
1 a 5 => [1, 2, 3, 4, 5]
1 a 12 => [1, 2, 3, 4, 5, 6, 7, 8, 9, 10, 11, 12]
1 a 3, e 10 a 14 => [1, 2, 3, 10, 11, 12, 13, 14]
4 a 9 => [4, 5, 6, 7, 8, 9]
1 a 17 => [1, 2, 3, 4, 5, 6, 7, 8, 9, 10, 11, 12, 13, 14, 15, 16, 17]
1 a 5 => [1, 2, 3, 4, 5]
6 => [6]
7 => [7]
1 a 13 => [1, 2, 3, 4, 5, 6, 7, 8, 9, 10, 11, 12, 13]
1 a 4 => [1, 2, 3, 4]
1 a 10 => [1, 2, 3, 4, 5, 6, 7, 8, 9, 10]
1 a 5 => [1, 2, 3, 4, 5]
1 a 8 => [1, 2, 3, 4, 5, 6, 7, 8]
1 a 7 => [1, 2, 3, 4, 5, 6, 7]
8 a 13 => [8, 9, 10, 11, 12, 13]
1 a 11 => [1, 2, 3, 4, 5, 6, 7, 8, 9, 10, 11]
1 a 15 => [1, 2, 3, 4, 5, 6, 7, 8, 9, 10, 11, 12, 13, 14, 15]
1 a 13 => [1, 2, 3, 4, 5, 6, 7, 8, 9, 10, 11, 12, 13]
01 => [1]
02 => [2]
03 => [3]
1 a 7 => [1, 2, 3, 4, 5, 6, 7]
1 a 10 => [1, 2, 3, 4, 5, 6, 7, 8, 9, 10]
1 a 16 => [1, 2, 3, 4, 5, 6, 7, 8, 9, 10, 11, 12, 13, 14, 15, 16]
1 a 17 => [1, 2, 3, 4, 5, 6, 7, 8, 9, 10, 11, 12, 13, 14, 15, 16, 17]
1 a 17 => [1, 2, 3, 4, 5, 6, 7, 8, 9, 10, 11, 12, 13, 14, 15, 16, 17]
01 => [1]
02 => [2]
03 => [3]
04 => [4]
1 a 9 => [1, 2, 3, 4, 5, 6, 7, 8, 9]
1 a 3 => [1, 2, 3]
6 => [6]
7 => [7]
5 => [5]
8 => [8]
4 => [4]
1 a 10 => [1, 2, 3, 4, 5, 6, 7, 8, 9, 10]
1 a 17 => [1, 2, 3, 4, 5, 6, 7, 8, 9, 10, 11, 12, 13, 14, 15, 16, 17]
1 a 8 => [1, 2, 3, 4, 5, 6, 7, 8]
5 e 9 a 12 => [5, 9, 10, 11, 12]
3 => [3]
1 => [1]
2 e 14 => [2, 14]
8 => [8]
6 e 13 => [6, 13]
7 => [7]
4 => [4]
1 a 12 => [1, 2, 3, 4, 5, 6, 7, 8, 9, 10, 11, 12]
5 => [5]
7 => [7]
6 => [6]
4 => [4]
8 => [8]
1 => [1]
2 => [2]
3 => [3]
10 a 15 => [10, 11, 12, 13, 14, 15]
1 - 9 => [1, 2, 3, 4, 5, 6, 7, 8, 9]
1 e 2 => [1, 2]
3 e 4 => [3, 4]
1,2 e 5 => [1, 2, 5]
1 a 7 => [1, 2, 3, 4, 5, 6, 7]
10 a 12 => [10, 11, 12]
8 a 9 => [8, 9]
3 a 5 => [3, 4, 5]
1 a 2 => [1, 2]
6 a 7 => [6, 7]
2 => [2]
1,7,8,9 e 10 => [1, 7, 8, 9, 10]
4 => [4]
3, 5 e 6 => [3, 5, 6]
4 => [4]
8 => [8]
1 a 3,6,7,10 e 11 => [1, 2, 3, 6, 7, 10, 11]
9 => [9]
5 => [5]
1,3,4 e 5 => [1, 3, 4, 5]
7 e 8 => [7, 8]
10 => [10]
9 => [9]
11 => [11]
12 => [12]
2 => [2]
6 => [6]
1 a 5 => [1, 2, 3, 4, 5]
1 a 6 => [1, 2, 3, 4, 5, 6]
1 a 13 => [1, 2, 3, 4, 5, 6, 7, 8, 9, 10, 11, 12, 13]
1 a 5 => [1, 2, 3, 4, 5]
1 a 16 => [1, 2, 3, 4, 5, 6, 7, 8, 9, 10, 11, 12, 13, 14, 15, 16]
1 a 16 => [1, 2, 3, 4, 5, 6, 7, 8, 9, 10, 11, 12, 13, 14, 15, 16]
1 a 5 => [1, 2, 3, 4, 5]
1 a 8 => [1, 2, 3, 4, 5, 6, 7, 8]
2 e 3 => [2, 3]
10 => [10]
8 e 9 => [8, 9]
7 => [7]
4 a 6 => [4, 5, 6]
1 => [1]
6 a 8 => [6, 7, 8]
5 e 11 => [5, 11]
3 => [3]
2 => [2]
1 => [1]
4 => [4]
10 => [10]
9 => [9]
1 => [1]
2 => [2]
1 a 9 => [1, 2, 3, 4, 5, 6, 7, 8, 9]
2 e 3 => [2, 3]
9 => [9]
4 e 7 => [4, 7]
1 => [1]
6 => [6]
8 => [8]
5 => [5]
1 a 11 => [1, 2, 3, 4, 5, 6, 7, 8, 9, 10, 11]
1 a 3 => [1, 2, 3]
1 a 7 => [1, 2, 3, 4, 5, 6, 7]
1 a 3 => [1, 2, 3]
1 => [1]
1 a 5 => [1, 2, 3, 4, 5]
1 a 3 => [1, 2, 3]
1 a 12 => [1, 2, 3, 4, 5, 6, 7, 8, 9, 10, 11, 12]
1 a 4 => [1, 2, 3, 4]
5 a 7 => [5, 6, 7]
1 a 10 => [1, 2, 3, 4, 5, 6, 7, 8, 9, 10]
1 => [1]
2 => [2]
1 a 10 => [1, 2, 3, 4, 5, 6, 7, 8, 9, 10]
1 a 8 => [1, 2, 3, 4, 5, 6, 7, 8]
1 a 8 => [1, 2, 3, 4, 5, 6, 7, 8]
1 a 7 => [1, 2, 3, 4, 5, 6, 7]
1 a 6 => [1, 2, 3, 4, 5, 6]
1 a 6 => [1, 2, 3, 4, 5, 6]
7 e 8 => [7, 8]
1 a 12 => [1, 2, 3, 4, 5, 6, 7, 8, 9, 10, 11, 12]
5 e 7 a 8 => [5, 7, 8]
1 a 4 => [1, 2, 3, 4]
6 => [6]
1 a 8 => [1, 2, 3, 4, 5, 6, 7, 8]
1 a 8 => [1, 2, 3, 4, 5, 6, 7, 8]
1 a 8 => [1, 2, 3, 4, 5, 6, 7, 8]
1 a 10 => [1, 2, 3, 4, 5, 6, 7, 8, 9, 10]
1 a 3 => [1, 2, 3]
1 e 2 => [1, 2]
3 e 4 => [3, 4]
5 e 6 => [5, 6]
7 e 8 => [7, 8]
1 a 4 => [1, 2, 3, 4]
5 a 9 => [5, 6, 7, 8, 9]
1 a 4 e 7 a 9 => [1, 2, 3, 4, 7, 8, 9]
5 e 6 => [5, 6]
1 e 3 a 8 => [1, 3, 4, 5, 6, 7, 8]
2 e 9 a 11 => [2, 9, 10, 11]
5 => [5]
8 a 11 => [8, 9, 10, 11]
2 => [2]
7 => [7]
6 => [6]
3 => [3]
1 => [1]
4 => [4]
1 a 13 => [1, 2, 3, 4, 5, 6, 7, 8, 9, 10, 11, 12, 13]
1 a 10 => [1, 2, 3, 4, 5, 6, 7, 8, 9, 10]
11 e 12 => [11, 12]
1 => [1]
2, 3 e 4 => [2, 3, 4]
5 => [5]
8 => [8]
6 e 7 => [6, 7]
1 a 2 => [1, 2]
3 e 4 => [3, 4]
6, 7 e 8 => [6, 7, 8]
9 a 13 => [9, 10, 11, 12, 13]
5 => [5]
1 a 8 => [1, 2, 3, 4, 5, 6, 7, 8]
1 => [1]
1 a 4 => [1, 2, 3, 4]
1 a 9 => [1, 2, 3, 4, 5, 6, 7, 8, 9]
1 => [1]
1 a 8 => [1, 2, 3, 4, 5, 6, 7, 8]
1 a 14 => [1, 2, 3, 4, 5, 6, 7, 8, 9, 10, 11, 12, 13, 14]
1 a 14 => [1, 2, 3, 4, 5, 6, 7, 8, 9, 10, 11, 12, 13, 14]
1 a 8 => [1, 2, 3, 4, 5, 6, 7, 8]
1 a 4 e 9 a 10 => [1, 2, 3, 4, 9, 10]
5 a 8 => [5, 6, 7, 8]
1 a 15 => [1, 2, 3, 4, 5, 6, 7, 8, 9, 10, 11, 12, 13, 14, 15]
1 a 12 => [1, 2, 3, 4, 5, 6, 7, 8, 9, 10, 11, 12]
1 a 15 => [1, 2, 3, 4, 5, 6, 7, 8, 9, 10, 11, 12, 13, 14, 15]
1 a 7 => [1, 2, 3, 4, 5, 6, 7]
1 a 10 => [1, 2, 3, 4, 5, 6, 7, 8, 9, 10]
1 a 8 => [1, 2, 3, 4, 5, 6, 7, 8]
1 a 7 => [1, 2, 3, 4, 5, 6, 7]
1 a 7 => [1, 2, 3, 4, 5, 6, 7]
1 a 17 => [1, 2, 3, 4, 5, 6, 7, 8, 9, 10, 11, 12, 13, 14, 15, 16, 17]
1 a 17 => [1, 2, 3, 4, 5, 6, 7, 8, 9, 10, 11, 12, 13, 14, 15, 16, 17]
1 a 17 => [1, 2, 3, 4, 5, 6, 7, 8, 9, 10, 11, 12, 13, 14, 15, 16, 17]
1 a 17 => [1, 2, 3, 4, 5, 6, 7, 8, 9, 10, 11, 12, 13, 14, 15, 16, 17]
1 a 12 => [1, 2, 3, 4, 5, 6, 7, 8, 9, 10, 11, 12]
13 a 17 => [13, 14, 15, 16, 17]
1 a 15 => [1, 2, 3, 4, 5, 6, 7, 8, 9, 10, 11, 12, 13, 14, 15]
1 a 14 => [1, 2, 3, 4, 5, 6, 7, 8, 9, 10, 11, 12, 13, 14]
1a4, 6,7,11 e 12 => [1, 2, 3, 4, 6, 7, 11, 12]
5, 8, 9 e 10 => [5, 8, 9, 10]
1 a 14 => [1, 2, 3, 4, 5, 6, 7, 8, 9, 10, 11, 12, 13, 14]
1 a 10 => [1, 2, 3, 4, 5, 6, 7, 8, 9, 10]
1 a 10 => [1, 2, 3, 4, 5, 6, 7, 8, 9, 10]
11 => [11]
1 a 4 => [1, 2, 3, 4]
1 a 4, 9 a 13, e 15 => [1, 2, 3, 4, 9, 10, 11, 12, 13, 15]
5 a 8, e 14 => [5, 6, 7, 8, 14]
1 a 12 => [1, 2, 3, 4, 5, 6, 7, 8, 9, 10, 11, 12]
1 => [1]
2 => [2]
3 => [3]
1 a 35 => [1, 2, 3, 4, 5, 6, 7, 8, 9, 10, 11, 12, 13, 14, 15, 16, 17, 18, 19, 20, 21, 22, 23, 24, 25, 26, 27, 28, 29, 30, 31, 32, 33, 34, 35]
36 a 64 => [36, 37, 38, 39, 40, 41, 42, 43, 44, 45, 46, 47, 48, 49, 50, 51, 52, 53, 54, 55, 56, 57, 58, 59, 60, 61, 62, 63, 64]
1-13 => [1, 2, 3, 4, 5, 6, 7, 8, 9, 10, 11, 12, 13]
1 a 8 => [1, 2, 3, 4, 5, 6, 7, 8]
9 a 11 => [9, 10, 11]
1 e 8 => [1, 8]
2 a 7 => [2, 3, 4, 5, 6, 7]
1 a 4 => [1, 2, 3, 4]
5 a 7 => [5, 6, 7]
2,4,5 e 6 => [2, 4, 5, 6]
9 e 10 => [9, 10]
1,3,7,8 e 11 => [1, 3, 7, 8, 11]
1 => [1]
7 => [7]
5 e 6 => [5, 6]
2 e 3 => [2, 3]
4 => [4]
1 a 8 => [1, 2, 3, 4, 5, 6, 7, 8]
9 a 15 => [9, 10, 11, 12, 13, 14, 15]
1 a 15 => [1, 2, 3, 4, 5, 6, 7, 8, 9, 10, 11, 12, 13, 14, 15]
1 a 15 => [1, 2, 3, 4, 5, 6, 7, 8, 9, 10, 11, 12, 13, 14, 15]
1 => [1]
01 => [1]
1 => [1]
2 => [2]
1 => [1]
2 => [2]
3 => [3]
1, 3 => [1, 3]
6, 9 e 12 => [6, 9, 12]
4, 5, 7 e 8 => [4, 5, 7, 8]
2 e 10 => [2, 10]
11 => [11]
1 => [1]
1 a 13 => [1, 2, 3, 4, 5, 6, 7, 8, 9, 10, 11, 12, 13]
1 a 16 => [1, 2, 3, 4, 5, 6, 7, 8, 9, 10, 11, 12, 13, 14, 15, 16]
1 a 5 => [1, 2, 3, 4, 5]
6 => [6]
1 a 18 => [1, 2, 3, 4, 5, 6, 7, 8, 9, 10, 11, 12, 13, 14, 15, 16, 17, 18]
1 a 8 => [1, 2, 3, 4, 5, 6, 7, 8]
1 a 6 => [1, 2, 3, 4, 5, 6]
1 a 12 => [1, 2, 3, 4, 5, 6, 7, 8, 9, 10, 11, 12]
1 a 15 => [1, 2, 3, 4, 5, 6, 7, 8, 9, 10, 11, 12, 13, 14, 15]
1 a 11 => [1, 2, 3, 4, 5, 6, 7, 8, 9, 10, 11]
1 a 8 => [1, 2, 3, 4, 5, 6, 7, 8]
1 a 11 => [1, 2, 3, 4, 5, 6, 7, 8, 9, 10, 11]
1 a 11 => [1, 2, 3, 4, 5, 6, 7, 8, 9, 10, 11]
1 a 9 => [1, 2, 3, 4, 5, 6, 7, 8, 9]
1 a 2 => [1, 2]
1 a 2 => [1, 2]
1 a 5 => [1, 2, 3, 4, 5]
1 a 10 => [1, 2, 3, 4, 5, 6, 7, 8, 9, 10]
1 a 16 => [1, 2, 3, 4, 5, 6, 7, 8, 9, 10, 11, 12, 13, 14, 15, 16]
1 a 8 => [1, 2, 3, 4, 5, 6, 7, 8]
1 a 8 => [1, 2, 3, 4, 5, 6, 7, 8]
1 a 8 => [1, 2, 3, 4, 5, 6, 7, 8]
1 a 14 => [1, 2, 3, 4, 5, 6, 7, 8, 9, 10, 11, 12, 13, 14]
8 e 14 => [8, 14]
1,2,7,9 e 11 => [1, 2, 7, 9, 11]
3, 4 e 6 => [3, 4, 6]
5,10,12 e 13 => [5, 10, 12, 13]
1 a 14 => [1, 2, 3, 4, 5, 6, 7, 8, 9, 10, 11, 12, 13, 14]
1 a 14 => [1, 2, 3, 4, 5, 6, 7, 8, 9, 10, 11, 12, 13, 14]
1 a 14 => [1, 2, 3, 4, 5, 6, 7, 8, 9, 10, 11, 12, 13, 14]
1 a 14 => [1, 2, 3, 4, 5, 6, 7, 8, 9, 10, 11, 12, 13, 14]
8 a 10 => [8, 9, 10]
1 a 7 e 11 a 14 => [1, 2, 3, 4, 5, 6, 7, 11, 12, 13, 14]
1 a 72 => [1, 2, 3, 4, 5, 6, 7, 8, 9, 10, 11, 12, 13, 14, 15, 16, 17, 18, 19, 20, 21, 22, 23, 24, 25, 26, 27, 28, 29, 30, 31, 32, 33, 34, 35, 36, 37, 38, 39, 40, 41, 42, 43, 44, 45, 46, 47, 48, 49, 50, 51, 52, 53, 54, 55, 56, 57, 58, 59, 60, 61, 62, 63, 64, 65, 66, 67, 68, 69, 70, 71, 72]
73 => [73]
1 a 22 => [1, 2, 3, 4, 5, 6, 7, 8, 9, 10, 11, 12, 13, 14, 15, 16, 17, 18, 19, 20, 21, 22]
1 a 22 => [1, 2, 3, 4, 5, 6, 7, 8, 9, 10, 11, 12, 13, 14, 15, 16, 17, 18, 19, 20, 21, 22]
1-22 => [1, 2, 3, 4, 5, 6, 7, 8, 9, 10, 11, 12, 13, 14, 15, 16, 17, 18, 19, 20, 21, 22]
1-22 => [1, 2, 3, 4, 5, 6, 7, 8, 9, 10, 11, 12, 13, 14, 15, 16, 17, 18, 19, 20, 21, 22]
1-22 => [1, 2, 3, 4, 5, 6, 7, 8, 9, 10, 11, 12, 13, 14, 15, 16, 17, 18, 19, 20, 21, 22]
1 a 27 => [1, 2, 3, 4, 5, 6, 7, 8, 9, 10, 11, 12, 13, 14, 15, 16, 17, 18, 19, 20, 21, 22, 23, 24, 25, 26, 27]
1 a 27 => [1, 2, 3, 4, 5, 6, 7, 8, 9, 10, 11, 12, 13, 14, 15, 16, 17, 18, 19, 20, 21, 22, 23, 24, 25, 26, 27]
1 a 27 => [1, 2, 3, 4, 5, 6, 7, 8, 9, 10, 11, 12, 13, 14, 15, 16, 17, 18, 19, 20, 21, 22, 23, 24, 25, 26, 27]
1 a 5 => [1, 2, 3, 4, 5]
1 a 15 => [1, 2, 3, 4, 5, 6, 7, 8, 9, 10, 11, 12, 13, 14, 15]
1 a 5 => [1, 2, 3, 4, 5]
6 a 11 => [6, 7, 8, 9, 10, 11]
1 a 8 => [1, 2, 3, 4, 5, 6, 7, 8]
1 a 8 => [1, 2, 3, 4, 5, 6, 7, 8]
9 a 11 => [9, 10, 11]
1 e 2 => [1, 2]
3 a 7 => [3, 4, 5, 6, 7]
4 a 7 => [4, 5, 6, 7]
1 e 2 => [1, 2]
3 => [3]
1 a 5 => [1, 2, 3, 4, 5]
6 a 11 => [6, 7, 8, 9, 10, 11]
1 a 6 => [1, 2, 3, 4, 5, 6]
7 a 12 => [7, 8, 9, 10, 11, 12]
1 e 2 => [1, 2]
3 a 10 => [3, 4, 5, 6, 7, 8, 9, 10]
1 a 6 => [1, 2, 3, 4, 5, 6]
7 a 10 => [7, 8, 9, 10]
1 a 10 => [1, 2, 3, 4, 5, 6, 7, 8, 9, 10]
1 a 13 => [1, 2, 3, 4, 5, 6, 7, 8, 9, 10, 11, 12, 13]
1 a 13 => [1, 2, 3, 4, 5, 6, 7, 8, 9, 10, 11, 12, 13]
1 a 3 => [1, 2, 3]
4 a 13 => [4, 5, 6, 7, 8, 9, 10, 11, 12, 13]
1 a 14 => [1, 2, 3, 4, 5, 6, 7, 8, 9, 10, 11, 12, 13, 14]
1 a 14 => [1, 2, 3, 4, 5, 6, 7, 8, 9, 10, 11, 12, 13, 14]
1 a 14 => [1, 2, 3, 4, 5, 6, 7, 8, 9, 10, 11, 12, 13, 14]
9 a 10 => [9, 10]
4 a 6 => [4, 5, 6]
1 a 3 => [1, 2, 3]
7 e 8 => [7, 8]
11 => [11]
1 a 3 => [1, 2, 3]
4 a 9 => [4, 5, 6, 7, 8, 9]
10 e 11 => [10, 11]
1 a 3 => [1, 2, 3]
9 a 13 => [9, 10, 11, 12, 13]
4 a 8 => [4, 5, 6, 7, 8]
1 a 4 e 6 => [1, 2, 3, 4, 6]
11 e 12 => [11, 12]
8 a 10 => [8, 9, 10]
5 e 7 => [5, 7]
1 a 4 e 12 a 13 => [1, 2, 3, 4, 12, 13]
5 a 11 => [5, 6, 7, 8, 9, 10, 11]
1 a 5 => [1, 2, 3, 4, 5]
6 a 9 => [6, 7, 8, 9]
1 a 12 => [1, 2, 3, 4, 5, 6, 7, 8, 9, 10, 11, 12]
1 a 12 => [1, 2, 3, 4, 5, 6, 7, 8, 9, 10, 11, 12]
1 a 11 => [1, 2, 3, 4, 5, 6, 7, 8, 9, 10, 11]
1 a 12 => [1, 2, 3, 4, 5, 6, 7, 8, 9, 10, 11, 12]
1 a 12 => [1, 2, 3, 4, 5, 6, 7, 8, 9, 10, 11, 12]
1 a 12 => [1, 2, 3, 4, 5, 6, 7, 8, 9, 10, 11, 12]
1 a 12 => [1, 2, 3, 4, 5, 6, 7, 8, 9, 10, 11, 12]
1 a 12 => [1, 2, 3, 4, 5, 6, 7, 8, 9, 10, 11, 12]
1 => [1]
2 => [2]
01 a 02 => [1, 2]
1 => [1]
2 => [2]
1 a 14 => [1, 2, 3, 4, 5, 6, 7, 8, 9, 10, 11, 12, 13, 14]
1 a 4 => [1, 2, 3, 4]
1 a 15 => [1, 2, 3, 4, 5, 6, 7, 8, 9, 10, 11, 12, 13, 14, 15]
1 a 15 => [1, 2, 3, 4, 5, 6, 7, 8, 9, 10, 11, 12, 13, 14, 15]
1 => [1]
1 a 13 => [1, 2, 3, 4, 5, 6, 7, 8, 9, 10, 11, 12, 13]
1 a 14 => [1, 2, 3, 4, 5, 6, 7, 8, 9, 10, 11, 12, 13, 14]
1 a 13 => [1, 2, 3, 4, 5, 6, 7, 8, 9, 10, 11, 12, 13]
1 a 3 => [1, 2, 3]
1 e 2 => [1, 2]
1 a 15 => [1, 2, 3, 4, 5, 6, 7, 8, 9, 10, 11, 12, 13, 14, 15]
1 a 14 => [1, 2, 3, 4, 5, 6, 7, 8, 9, 10, 11, 12, 13, 14]
1 a 32 => [1, 2, 3, 4, 5, 6, 7, 8, 9, 10, 11, 12, 13, 14, 15, 16, 17, 18, 19, 20, 21, 22, 23, 24, 25, 26, 27, 28, 29, 30, 31, 32]
1 a 32 => [1, 2, 3, 4, 5, 6, 7, 8, 9, 10, 11, 12, 13, 14, 15, 16, 17, 18, 19, 20, 21, 22, 23, 24, 25, 26, 27, 28, 29, 30, 31, 32]
1 a 3 => [1, 2, 3]
1 => [1]
2 => [2]
3 => [3]
1 a 16 => [1, 2, 3, 4, 5, 6, 7, 8, 9, 10, 11, 12, 13, 14, 15, 16]
1 a 32 => [1, 2, 3, 4, 5, 6, 7, 8, 9, 10, 11, 12, 13, 14, 15, 16, 17, 18, 19, 20, 21, 22, 23, 24, 25, 26, 27, 28, 29, 30, 31, 32]
1 a 32 => [1, 2, 3, 4, 5, 6, 7, 8, 9, 10, 11, 12, 13, 14, 15, 16, 17, 18, 19, 20, 21, 22, 23, 24, 25, 26, 27, 28, 29, 30, 31, 32]
1 a 32 => [1, 2, 3, 4, 5, 6, 7, 8, 9, 10, 11, 12, 13, 14, 15, 16, 17, 18, 19, 20, 21, 22, 23, 24, 25, 26, 27, 28, 29, 30, 31, 32]
1 a 32 => [1, 2, 3, 4, 5, 6, 7, 8, 9, 10, 11, 12, 13, 14, 15, 16, 17, 18, 19, 20, 21, 22, 23, 24, 25, 26, 27, 28, 29, 30, 31, 32]
1 a 32 => [1, 2, 3, 4, 5, 6, 7, 8, 9, 10, 11, 12, 13, 14, 15, 16, 17, 18, 19, 20, 21, 22, 23, 24, 25, 26, 27, 28, 29, 30, 31, 32]
1 a 32 => [1, 2, 3, 4, 5, 6, 7, 8, 9, 10, 11, 12, 13, 14, 15, 16, 17, 18, 19, 20, 21, 22, 23, 24, 25, 26, 27, 28, 29, 30, 31, 32]
1 a 64 => [1, 2, 3, 4, 5, 6, 7, 8, 9, 10, 11, 12, 13, 14, 15, 16, 17, 18, 19, 20, 21, 22, 23, 24, 25, 26, 27, 28, 29, 30, 31, 32, 33, 34, 35, 36, 37, 38, 39, 40, 41, 42, 43, 44, 45, 46, 47, 48, 49, 50, 51, 52, 53, 54, 55, 56, 57, 58, 59, 60, 61, 62, 63, 64]
1 a 5 => [1, 2, 3, 4, 5]
6 a 12 => [6, 7, 8, 9, 10, 11, 12]
13 e 14 => [13, 14]
1 a 5 => [1, 2, 3, 4, 5]
8 a 10 => [8, 9, 10]
11 a 14 => [11, 12, 13, 14]
6 e 7 => [6, 7]
1 a 3 => [1, 2, 3]
4 a 8 => [4, 5, 6, 7, 8]
9 a 14 => [9, 10, 11, 12, 13, 14]
1 a 5 => [1, 2, 3, 4, 5]
8 a 10 => [8, 9, 10]
11 e 12 => [11, 12]
6 e 7 => [6, 7]
13 e 14 => [13, 14]
1 a 3 => [1, 2, 3]
4 a 8 => [4, 5, 6, 7, 8]
9 a 14 => [9, 10, 11, 12, 13, 14]
1 a 3 => [1, 2, 3]
4 a 8 => [4, 5, 6, 7, 8]
9 a 14 => [9, 10, 11, 12, 13, 14]
1 a 5 => [1, 2, 3, 4, 5]
6 a 7 => [6, 7]
11 a 14 => [11, 12, 13, 14]
8 a 10 => [8, 9, 10]
9 a 31 => [9, 10, 11, 12, 13, 14, 15, 16, 17, 18, 19, 20, 21, 22, 23, 24, 25, 26, 27, 28, 29, 30, 31]
1 a 8 => [1, 2, 3, 4, 5, 6, 7, 8]
22 a 31 => [22, 23, 24, 25, 26, 27, 28, 29, 30, 31]
1 a 21 => [1, 2, 3, 4, 5, 6, 7, 8, 9, 10, 11, 12, 13, 14, 15, 16, 17, 18, 19, 20, 21]
1 a 31 => [1, 2, 3, 4, 5, 6, 7, 8, 9, 10, 11, 12, 13, 14, 15, 16, 17, 18, 19, 20, 21, 22, 23, 24, 25, 26, 27, 28, 29, 30, 31]
1 a 13 => [1, 2, 3, 4, 5, 6, 7, 8, 9, 10, 11, 12, 13]
14 a 31 => [14, 15, 16, 17, 18, 19, 20, 21, 22, 23, 24, 25, 26, 27, 28, 29, 30, 31]
1 a 14 => [1, 2, 3, 4, 5, 6, 7, 8, 9, 10, 11, 12, 13, 14]
15 a 29 => [15, 16, 17, 18, 19, 20, 21, 22, 23, 24, 25, 26, 27, 28, 29]
30 a 31 => [30, 31]
1 a 14 => [1, 2, 3, 4, 5, 6, 7, 8, 9, 10, 11, 12, 13, 14]
31 => [31]
15 a 30 => [15, 16, 17, 18, 19, 20, 21, 22, 23, 24, 25, 26, 27, 28, 29, 30]
1 a 17 => [1, 2, 3, 4, 5, 6, 7, 8, 9, 10, 11, 12, 13, 14, 15, 16, 17]
18 a 31 => [18, 19, 20, 21, 22, 23, 24, 25, 26, 27, 28, 29, 30, 31]
1 a 19 => [1, 2, 3, 4, 5, 6, 7, 8, 9, 10, 11, 12, 13, 14, 15, 16, 17, 18, 19]
21 a 31 => [21, 22, 23, 24, 25, 26, 27, 28, 29, 30, 31]
1 => [1]
1 => [1]
02 => [2]
1 => [1]
2 => [2]
3 => [3]
1 a 7 => [1, 2, 3, 4, 5, 6, 7]
8 a 14 => [8, 9, 10, 11, 12, 13, 14]
1 a 14 => [1, 2, 3, 4, 5, 6, 7, 8, 9, 10, 11, 12, 13, 14]
1 a 14 => [1, 2, 3, 4, 5, 6, 7, 8, 9, 10, 11, 12, 13, 14]
1 => [1]
3 e 4 => [3, 4]
5 => [5]
8 => [8]
10 => [10]
9 => [9]
7 => [7]
6 => [6]
2 => [2]
12 a 18 => [12, 13, 14, 15, 16, 17, 18]
1 a 11 => [1, 2, 3, 4, 5, 6, 7, 8, 9, 10, 11]
19 a 22 => [19, 20, 21, 22]
1 a 13 => [1, 2, 3, 4, 5, 6, 7, 8, 9, 10, 11, 12, 13]
1 => [1]
2 => [2]
3 => [3]
1 a 40 => [1, 2, 3, 4, 5, 6, 7, 8, 9, 10, 11, 12, 13, 14, 15, 16, 17, 18, 19, 20, 21, 22, 23, 24, 25, 26, 27, 28, 29, 30, 31, 32, 33, 34, 35, 36, 37, 38, 39, 40]
1 a 9 => [1, 2, 3, 4, 5, 6, 7, 8, 9]
1 a 9 => [1, 2, 3, 4, 5, 6, 7, 8, 9]
1 a 9 => [1, 2, 3, 4, 5, 6, 7, 8, 9]
1 a 9 => [1, 2, 3, 4, 5, 6, 7, 8, 9]
1 a 9 => [1, 2, 3, 4, 5, 6, 7, 8, 9]
1 a 8 => [1, 2, 3, 4, 5, 6, 7, 8]
1 a 9 => [1, 2, 3, 4, 5, 6, 7, 8, 9]
1 a 3 => [1, 2, 3]
1 a 10 => [1, 2, 3, 4, 5, 6, 7, 8, 9, 10]
1 a 10 => [1, 2, 3, 4, 5, 6, 7, 8, 9, 10]
1 a 11 => [1, 2, 3, 4, 5, 6, 7, 8, 9, 10, 11]
1 a 11 => [1, 2, 3, 4, 5, 6, 7, 8, 9, 10, 11]
1 a 11 => [1, 2, 3, 4, 5, 6, 7, 8, 9, 10, 11]
1 a 11 => [1, 2, 3, 4, 5, 6, 7, 8, 9, 10, 11]
1 a 3 => [1, 2, 3]
4 a 11 => [4, 5, 6, 7, 8, 9, 10, 11]
1 a 11 => [1, 2, 3, 4, 5, 6, 7, 8, 9, 10, 11]
1 a 9 => [1, 2, 3, 4, 5, 6, 7, 8, 9]
1 a 10 => [1, 2, 3, 4, 5, 6, 7, 8, 9, 10]
1 a 9 => [1, 2, 3, 4, 5, 6, 7, 8, 9]
1 a 6 => [1, 2, 3, 4, 5, 6]
1 a 7 => [1, 2, 3, 4, 5, 6, 7]
1 a 11 => [1, 2, 3, 4, 5, 6, 7, 8, 9, 10, 11]
1 a 11 => [1, 2, 3, 4, 5, 6, 7, 8, 9, 10, 11]
1 a 11 => [1, 2, 3, 4, 5, 6, 7, 8, 9, 10, 11]
1 a 10 => [1, 2, 3, 4, 5, 6, 7, 8, 9, 10]
1 a 10 => [1, 2, 3, 4, 5, 6, 7, 8, 9, 10]
1 a 10 => [1, 2, 3, 4, 5, 6, 7, 8, 9, 10]
1 a 14 => [1, 2, 3, 4, 5, 6, 7, 8, 9, 10, 11, 12, 13, 14]
1 a 14 => [1, 2, 3, 4, 5, 6, 7, 8, 9, 10, 11, 12, 13, 14]
1 a 15 => [1, 2, 3, 4, 5, 6, 7, 8, 9, 10, 11, 12, 13, 14, 15]
1 a 14 => [1, 2, 3, 4, 5, 6, 7, 8, 9, 10, 11, 12, 13, 14]
1 a 15 => [1, 2, 3, 4, 5, 6, 7, 8, 9, 10, 11, 12, 13, 14, 15]
1 a 15 => [1, 2, 3, 4, 5, 6, 7, 8, 9, 10, 11, 12, 13, 14, 15]
5 e 8 => [5, 8]
1a4,6,7,9 a 15 => [1, 2, 3, 4, 6, 7, 9, 10, 11, 12, 13, 14, 15]
1 a 14 => [1, 2, 3, 4, 5, 6, 7, 8, 9, 10, 11, 12, 13, 14]
7,11,12 e 13 => [7, 11, 12, 13]
1 a 5 => [1, 2, 3, 4, 5]
6 e 8 => [6, 8]
9 a 10 => [9, 10]
1 => [1]
4 a 7 => [4, 5, 6, 7]
2 e 3 => [2, 3]
8 e 9 => [8, 9]
12 => [12]
10 e 11 => [10, 11]
6 e 7 => [6, 7]
8 e 9 => [8, 9]
2 a 5 => [2, 3, 4, 5]
12 => [12]
10 e 11 => [10, 11]
1 => [1]
8 a 12 => [8, 9, 10, 11, 12]
1 a 6 => [1, 2, 3, 4, 5, 6]
7 => [7]
9 a 11 => [9, 10, 11]
6 a 8 => [6, 7, 8]
4,5 e 12 => [4, 5, 12]
1 a 3 => [1, 2, 3]
1 a 3 => [1, 2, 3]
7 a 12 => [7, 8, 9, 10, 11, 12]
4 e 5 => [4, 5]
6 => [6]
1 e 2 => [1, 2]
11 e 12 => [11, 12]
9 e 10 => [9, 10]
7 e 8 => [7, 8]
5 e 6 => [5, 6]
3 e 4 => [3, 4]
1 e 2 => [1, 2]
12 => [12]
10 e 11 => [10, 11]
7 a 9 => [7, 8, 9]
3 => [3]
4 a 6 => [4, 5, 6]
1 a 4 => [1, 2, 3, 4]
7 a 12 => [7, 8, 9, 10, 11, 12]
5 e 6 => [5, 6]
1 a 2 => [1, 2]
9 a 13 => [9, 10, 11, 12, 13]
6 a 8 => [6, 7, 8]
3 a 5 => [3, 4, 5]
1 a 14 => [1, 2, 3, 4, 5, 6, 7, 8, 9, 10, 11, 12, 13, 14]
1 a 28 => [1, 2, 3, 4, 5, 6, 7, 8, 9, 10, 11, 12, 13, 14, 15, 16, 17, 18, 19, 20, 21, 22, 23, 24, 25, 26, 27, 28]
1 a 28 => [1, 2, 3, 4, 5, 6, 7, 8, 9, 10, 11, 12, 13, 14, 15, 16, 17, 18, 19, 20, 21, 22, 23, 24, 25, 26, 27, 28]
1 a 20 => [1, 2, 3, 4, 5, 6, 7, 8, 9, 10, 11, 12, 13, 14, 15, 16, 17, 18, 19, 20]
1 a 27 => [1, 2, 3, 4, 5, 6, 7, 8, 9, 10, 11, 12, 13, 14, 15, 16, 17, 18, 19, 20, 21, 22, 23, 24, 25, 26, 27]
1 a 27 => [1, 2, 3, 4, 5, 6, 7, 8, 9, 10, 11, 12, 13, 14, 15, 16, 17, 18, 19, 20, 21, 22, 23, 24, 25, 26, 27]
1 => [1]
2 => [2]
1 => [1]
2 => [2]
3 => [3]
1 a 34 => [1, 2, 3, 4, 5, 6, 7, 8, 9, 10, 11, 12, 13, 14, 15, 16, 17, 18, 19, 20, 21, 22, 23, 24, 25, 26, 27, 28, 29, 30, 31, 32, 33, 34]
1 a 34 => [1, 2, 3, 4, 5, 6, 7, 8, 9, 10, 11, 12, 13, 14, 15, 16, 17, 18, 19, 20, 21, 22, 23, 24, 25, 26, 27, 28, 29, 30, 31, 32, 33, 34]
1 a 34 => [1, 2, 3, 4, 5, 6, 7, 8, 9, 10, 11, 12, 13, 14, 15, 16, 17, 18, 19, 20, 21, 22, 23, 24, 25, 26, 27, 28, 29, 30, 31, 32, 33, 34]
1 a 34 => [1, 2, 3, 4, 5, 6, 7, 8, 9, 10, 11, 12, 13, 14, 15, 16, 17, 18, 19, 20, 21, 22, 23, 24, 25, 26, 27, 28, 29, 30, 31, 32, 33, 34]
1 a 14 => [1, 2, 3, 4, 5, 6, 7, 8, 9, 10, 11, 12, 13, 14]
15 a 30 => [15, 16, 17, 18, 19, 20, 21, 22, 23, 24, 25, 26, 27, 28, 29, 30]
15 a 18 => [15, 16, 17, 18]
1 a 14 => [1, 2, 3, 4, 5, 6, 7, 8, 9, 10, 11, 12, 13, 14]
24 e 28 => [24, 28]
21 => [21]
19,20,22 e 27 => [19, 20, 22, 27]
23,25,26,29 e 30 => [23, 25, 26, 29, 30]
1 a 30 => [1, 2, 3, 4, 5, 6, 7, 8, 9, 10, 11, 12, 13, 14, 15, 16, 17, 18, 19, 20, 21, 22, 23, 24, 25, 26, 27, 28, 29, 30]
23 a 24 => [23, 24]
1 a 8 => [1, 2, 3, 4, 5, 6, 7, 8]
9 a 16 => [9, 10, 11, 12, 13, 14, 15, 16]
17 a 22 => [17, 18, 19, 20, 21, 22]
25 a 30 => [25, 26, 27, 28, 29, 30]
1 a 33 => [1, 2, 3, 4, 5, 6, 7, 8, 9, 10, 11, 12, 13, 14, 15, 16, 17, 18, 19, 20, 21, 22, 23, 24, 25, 26, 27, 28, 29, 30, 31, 32, 33]
1 a 33 => [1, 2, 3, 4, 5, 6, 7, 8, 9, 10, 11, 12, 13, 14, 15, 16, 17, 18, 19, 20, 21, 22, 23, 24, 25, 26, 27, 28, 29, 30, 31, 32, 33]
1 a 33 => [1, 2, 3, 4, 5, 6, 7, 8, 9, 10, 11, 12, 13, 14, 15, 16, 17, 18, 19, 20, 21, 22, 23, 24, 25, 26, 27, 28, 29, 30, 31, 32, 33]
1 a 33 => [1, 2, 3, 4, 5, 6, 7, 8, 9, 10, 11, 12, 13, 14, 15, 16, 17, 18, 19, 20, 21, 22, 23, 24, 25, 26, 27, 28, 29, 30, 31, 32, 33]
1 => [1]
1 e 2 => [1, 2]
1 => [1]
2 => [2]
1 => [1]
1 a 31 => [1, 2, 3, 4, 5, 6, 7, 8, 9, 10, 11, 12, 13, 14, 15, 16, 17, 18, 19, 20, 21, 22, 23, 24, 25, 26, 27, 28, 29, 30, 31]
1 a 31 => [1, 2, 3, 4, 5, 6, 7, 8, 9, 10, 11, 12, 13, 14, 15, 16, 17, 18, 19, 20, 21, 22, 23, 24, 25, 26, 27, 28, 29, 30, 31]
1 a 8 => [1, 2, 3, 4, 5, 6, 7, 8]
4 e 8 => [4, 8]
1 a 3 e 5 a 7 => [1, 2, 3, 5, 6, 7]
1 e 2 => [1, 2]
1 a 4 e 6 a 7 => [1, 2, 3, 4, 6, 7]
5 => [5]
1 a 20 => [1, 2, 3, 4, 5, 6, 7, 8, 9, 10, 11, 12, 13, 14, 15, 16, 17, 18, 19, 20]
1 a 20 => [1, 2, 3, 4, 5, 6, 7, 8, 9, 10, 11, 12, 13, 14, 15, 16, 17, 18, 19, 20]
1 a 384 => [1, 2, 3, 4, 5, 6, 7, 8, 9, 10, 11, 12, 13, 14, 15, 16, 17, 18, 19, 20, 21, 22, 23, 24, 25, 26, 27, 28, 29, 30, 31, 32, 33, 34, 35, 36, 37, 38, 39, 40, 41, 42, 43, 44, 45, 46, 47, 48, 49, 50, 51, 52, 53, 54, 55, 56, 57, 58, 59, 60, 61, 62, 63, 64, 65, 66, 67, 68, 69, 70, 71, 72, 73, 74, 75, 76, 77, 78, 79, 80, 81, 82, 83, 84, 85, 86, 87, 88, 89, 90, 91, 92, 93, 94, 95, 96, 97, 98, 99, 100, 101, 102, 103, 104, 105, 106, 107, 108, 109, 110, 111, 112, 113, 114, 115, 116, 117, 118, 119, 120, 121, 122, 123, 124, 125, 126, 127, 128, 129, 130, 131, 132, 133, 134, 135, 136, 137, 138, 139, 140, 141, 142, 143, 144, 145, 146, 147, 148, 149, 150, 151, 152, 153, 154, 155, 156, 157, 158, 159, 160, 161, 162, 163, 164, 165, 166, 167, 168, 169, 170, 171, 172, 173, 174, 175, 176, 177, 178, 179, 180, 181, 182, 183, 184, 185, 186, 187, 188, 189, 190, 191, 192, 193, 194, 195, 196, 197, 198, 199, 200, 201, 202, 203, 204, 205, 206, 207, 208, 209, 210, 211, 212, 213, 214, 215, 216, 217, 218, 219, 220, 221, 222, 223, 224, 225, 226, 227, 228, 229, 230, 231, 232, 233, 234, 235, 236, 237, 238, 239, 240, 241, 242, 243, 244, 245, 246, 247, 248, 249, 250, 251, 252, 253, 254, 255, 256, 257, 258, 259, 260, 261, 262, 263, 264, 265, 266, 267, 268, 269, 270, 271, 272, 273, 274, 275, 276, 277, 278, 279, 280, 281, 282, 283, 284, 285, 286, 287, 288, 289, 290, 291, 292, 293, 294, 295, 296, 297, 298, 299, 300, 301, 302, 303, 304, 305, 306, 307, 308, 309, 310, 311, 312, 313, 314, 315, 316, 317, 318, 319, 320, 321, 322, 323, 324, 325, 326, 327, 328, 329, 330, 331, 332, 333, 334, 335, 336, 337, 338, 339, 340, 341, 342, 343, 344, 345, 346, 347, 348, 349, 350, 351, 352, 353, 354, 355, 356, 357, 358, 359, 360, 361, 362, 363, 364, 365, 366, 367, 368, 369, 370, 371, 372, 373, 374, 375, 376, 377, 378, 379, 380, 381, 382, 383, 384]
1 a 384 => [1, 2, 3, 4, 5, 6, 7, 8, 9, 10, 11, 12, 13, 14, 15, 16, 17, 18, 19, 20, 21, 22, 23, 24, 25, 26, 27, 28, 29, 30, 31, 32, 33, 34, 35, 36, 37, 38, 39, 40, 41, 42, 43, 44, 45, 46, 47, 48, 49, 50, 51, 52, 53, 54, 55, 56, 57, 58, 59, 60, 61, 62, 63, 64, 65, 66, 67, 68, 69, 70, 71, 72, 73, 74, 75, 76, 77, 78, 79, 80, 81, 82, 83, 84, 85, 86, 87, 88, 89, 90, 91, 92, 93, 94, 95, 96, 97, 98, 99, 100, 101, 102, 103, 104, 105, 106, 107, 108, 109, 110, 111, 112, 113, 114, 115, 116, 117, 118, 119, 120, 121, 122, 123, 124, 125, 126, 127, 128, 129, 130, 131, 132, 133, 134, 135, 136, 137, 138, 139, 140, 141, 142, 143, 144, 145, 146, 147, 148, 149, 150, 151, 152, 153, 154, 155, 156, 157, 158, 159, 160, 161, 162, 163, 164, 165, 166, 167, 168, 169, 170, 171, 172, 173, 174, 175, 176, 177, 178, 179, 180, 181, 182, 183, 184, 185, 186, 187, 188, 189, 190, 191, 192, 193, 194, 195, 196, 197, 198, 199, 200, 201, 202, 203, 204, 205, 206, 207, 208, 209, 210, 211, 212, 213, 214, 215, 216, 217, 218, 219, 220, 221, 222, 223, 224, 225, 226, 227, 228, 229, 230, 231, 232, 233, 234, 235, 236, 237, 238, 239, 240, 241, 242, 243, 244, 245, 246, 247, 248, 249, 250, 251, 252, 253, 254, 255, 256, 257, 258, 259, 260, 261, 262, 263, 264, 265, 266, 267, 268, 269, 270, 271, 272, 273, 274, 275, 276, 277, 278, 279, 280, 281, 282, 283, 284, 285, 286, 287, 288, 289, 290, 291, 292, 293, 294, 295, 296, 297, 298, 299, 300, 301, 302, 303, 304, 305, 306, 307, 308, 309, 310, 311, 312, 313, 314, 315, 316, 317, 318, 319, 320, 321, 322, 323, 324, 325, 326, 327, 328, 329, 330, 331, 332, 333, 334, 335, 336, 337, 338, 339, 340, 341, 342, 343, 344, 345, 346, 347, 348, 349, 350, 351, 352, 353, 354, 355, 356, 357, 358, 359, 360, 361, 362, 363, 364, 365, 366, 367, 368, 369, 370, 371, 372, 373, 374, 375, 376, 377, 378, 379, 380, 381, 382, 383, 384]
1 a 384 => [1, 2, 3, 4, 5, 6, 7, 8, 9, 10, 11, 12, 13, 14, 15, 16, 17, 18, 19, 20, 21, 22, 23, 24, 25, 26, 27, 28, 29, 30, 31, 32, 33, 34, 35, 36, 37, 38, 39, 40, 41, 42, 43, 44, 45, 46, 47, 48, 49, 50, 51, 52, 53, 54, 55, 56, 57, 58, 59, 60, 61, 62, 63, 64, 65, 66, 67, 68, 69, 70, 71, 72, 73, 74, 75, 76, 77, 78, 79, 80, 81, 82, 83, 84, 85, 86, 87, 88, 89, 90, 91, 92, 93, 94, 95, 96, 97, 98, 99, 100, 101, 102, 103, 104, 105, 106, 107, 108, 109, 110, 111, 112, 113, 114, 115, 116, 117, 118, 119, 120, 121, 122, 123, 124, 125, 126, 127, 128, 129, 130, 131, 132, 133, 134, 135, 136, 137, 138, 139, 140, 141, 142, 143, 144, 145, 146, 147, 148, 149, 150, 151, 152, 153, 154, 155, 156, 157, 158, 159, 160, 161, 162, 163, 164, 165, 166, 167, 168, 169, 170, 171, 172, 173, 174, 175, 176, 177, 178, 179, 180, 181, 182, 183, 184, 185, 186, 187, 188, 189, 190, 191, 192, 193, 194, 195, 196, 197, 198, 199, 200, 201, 202, 203, 204, 205, 206, 207, 208, 209, 210, 211, 212, 213, 214, 215, 216, 217, 218, 219, 220, 221, 222, 223, 224, 225, 226, 227, 228, 229, 230, 231, 232, 233, 234, 235, 236, 237, 238, 239, 240, 241, 242, 243, 244, 245, 246, 247, 248, 249, 250, 251, 252, 253, 254, 255, 256, 257, 258, 259, 260, 261, 262, 263, 264, 265, 266, 267, 268, 269, 270, 271, 272, 273, 274, 275, 276, 277, 278, 279, 280, 281, 282, 283, 284, 285, 286, 287, 288, 289, 290, 291, 292, 293, 294, 295, 296, 297, 298, 299, 300, 301, 302, 303, 304, 305, 306, 307, 308, 309, 310, 311, 312, 313, 314, 315, 316, 317, 318, 319, 320, 321, 322, 323, 324, 325, 326, 327, 328, 329, 330, 331, 332, 333, 334, 335, 336, 337, 338, 339, 340, 341, 342, 343, 344, 345, 346, 347, 348, 349, 350, 351, 352, 353, 354, 355, 356, 357, 358, 359, 360, 361, 362, 363, 364, 365, 366, 367, 368, 369, 370, 371, 372, 373, 374, 375, 376, 377, 378, 379, 380, 381, 382, 383, 384]
1 a 30 => [1, 2, 3, 4, 5, 6, 7, 8, 9, 10, 11, 12, 13, 14, 15, 16, 17, 18, 19, 20, 21, 22, 23, 24, 25, 26, 27, 28, 29, 30]
1 a 10 => [1, 2, 3, 4, 5, 6, 7, 8, 9, 10]
1 a 20 => [1, 2, 3, 4, 5, 6, 7, 8, 9, 10, 11, 12, 13, 14, 15, 16, 17, 18, 19, 20]
1 a 20 => [1, 2, 3, 4, 5, 6, 7, 8, 9, 10, 11, 12, 13, 14, 15, 16, 17, 18, 19, 20]
6 a 11 => [6, 7, 8, 9, 10, 11]
15 => [15]
1 a 3 => [1, 2, 3]
4 e 5 => [4, 5]
12 e 13 => [12, 13]
14 => [14]
1 a 32 => [1, 2, 3, 4, 5, 6, 7, 8, 9, 10, 11, 12, 13, 14, 15, 16, 17, 18, 19, 20, 21, 22, 23, 24, 25, 26, 27, 28, 29, 30, 31, 32]
1 a 32 => [1, 2, 3, 4, 5, 6, 7, 8, 9, 10, 11, 12, 13, 14, 15, 16, 17, 18, 19, 20, 21, 22, 23, 24, 25, 26, 27, 28, 29, 30, 31, 32]
1 a 32 => [1, 2, 3, 4, 5, 6, 7, 8, 9, 10, 11, 12, 13, 14, 15, 16, 17, 18, 19, 20, 21, 22, 23, 24, 25, 26, 27, 28, 29, 30, 31, 32]
1 a 38 => [1, 2, 3, 4, 5, 6, 7, 8, 9, 10, 11, 12, 13, 14, 15, 16, 17, 18, 19, 20, 21, 22, 23, 24, 25, 26, 27, 28, 29, 30, 31, 32, 33, 34, 35, 36, 37, 38]
1 a 11 => [1, 2, 3, 4, 5, 6, 7, 8, 9, 10, 11]
1 a 12 => [1, 2, 3, 4, 5, 6, 7, 8, 9, 10, 11, 12]
1 a 5 => [1, 2, 3, 4, 5]
1 a 5 => [1, 2, 3, 4, 5]
1 a 10 => [1, 2, 3, 4, 5, 6, 7, 8, 9, 10]
1 a 12 => [1, 2, 3, 4, 5, 6, 7, 8, 9, 10, 11, 12]
13 => [13]
14 => [14]
1 a 10 => [1, 2, 3, 4, 5, 6, 7, 8, 9, 10]
1 a 10 => [1, 2, 3, 4, 5, 6, 7, 8, 9, 10]
1 a 12 => [1, 2, 3, 4, 5, 6, 7, 8, 9, 10, 11, 12]
1 a 10 => [1, 2, 3, 4, 5, 6, 7, 8, 9, 10]
1 a 9 => [1, 2, 3, 4, 5, 6, 7, 8, 9]
1 a 5 => [1, 2, 3, 4, 5]
1 a 7 => [1, 2, 3, 4, 5, 6, 7]
1 a 5 => [1, 2, 3, 4, 5]
1 a 4 => [1, 2, 3, 4]
1 a 4 => [1, 2, 3, 4]
1 a 5 => [1, 2, 3, 4, 5]
1 a 5 => [1, 2, 3, 4, 5]
1 a 8 => [1, 2, 3, 4, 5, 6, 7, 8]
1 a 6 => [1, 2, 3, 4, 5, 6]
1 a 4 => [1, 2, 3, 4]
1 a 32 => [1, 2, 3, 4, 5, 6, 7, 8, 9, 10, 11, 12, 13, 14, 15, 16, 17, 18, 19, 20, 21, 22, 23, 24, 25, 26, 27, 28, 29, 30, 31, 32]
1 e 2 => [1, 2]
1 => [1]
1 a 11 => [1, 2, 3, 4, 5, 6, 7, 8, 9, 10, 11]
5 a 9 => [5, 6, 7, 8, 9]
1, 10 e 11 => [1, 10, 11]
2, 3 e 4 => [2, 3, 4]
1 a 11 => [1, 2, 3, 4, 5, 6, 7, 8, 9, 10, 11]
1 a 11 => [1, 2, 3, 4, 5, 6, 7, 8, 9, 10, 11]
1 a 11 => [1, 2, 3, 4, 5, 6, 7, 8, 9, 10, 11]
1 => [1]
1 a 5 => [1, 2, 3, 4, 5]
6 a 10 => [6, 7, 8, 9, 10]
11 a 13 => [11, 12, 13]
1 a 5 => [1, 2, 3, 4, 5]
6 a 10 => [6, 7, 8, 9, 10]
11 a 13 => [11, 12, 13]
1 a 5 => [1, 2, 3, 4, 5]
6 a 10 => [6, 7, 8, 9, 10]
11 a 13 => [11, 12, 13]
1 a 5 => [1, 2, 3, 4, 5]
6 a 10 => [6, 7, 8, 9, 10]
11 a 13 => [11, 12, 13]
1 a 5 => [1, 2, 3, 4, 5]
6 a 10 => [6, 7, 8, 9, 10]
11 a 13 => [11, 12, 13]
1 => [1]
2 => [2]
1 a 20 => [1, 2, 3, 4, 5, 6, 7, 8, 9, 10, 11, 12, 13, 14, 15, 16, 17, 18, 19, 20]
21 a 22 => [21, 22]
23 a 24 => [23, 24]
1 a 24 => [1, 2, 3, 4, 5, 6, 7, 8, 9, 10, 11, 12, 13, 14, 15, 16, 17, 18, 19, 20, 21, 22, 23, 24]
1 a 24 => [1, 2, 3, 4, 5, 6, 7, 8, 9, 10, 11, 12, 13, 14, 15, 16, 17, 18, 19, 20, 21, 22, 23, 24]
1 a 10 => [1, 2, 3, 4, 5, 6, 7, 8, 9, 10]
1 => [1]
2 => [2]
1 a 13 => [1, 2, 3, 4, 5, 6, 7, 8, 9, 10, 11, 12, 13]
1 a 3 => [1, 2, 3]
4 a 6 => [4, 5, 6]
1 => [1]
1 a 22 => [1, 2, 3, 4, 5, 6, 7, 8, 9, 10, 11, 12, 13, 14, 15, 16, 17, 18, 19, 20, 21, 22]
1 => [1]
1 a 10 => [1, 2, 3, 4, 5, 6, 7, 8, 9, 10]
11 => [11]
1 a 13 => [1, 2, 3, 4, 5, 6, 7, 8, 9, 10, 11, 12, 13]
14 => [14]
1 a 10 => [1, 2, 3, 4, 5, 6, 7, 8, 9, 10]
11 => [11]
1 a 14 => [1, 2, 3, 4, 5, 6, 7, 8, 9, 10, 11, 12, 13, 14]
1 => [1]
1 => [1]
1 e 2 => [1, 2]
3 e 4 => [3, 4]
5 => [5]
1 => [1]
1 => [1]
1 a 5 => [1, 2, 3, 4, 5]
6 a 10 => [6, 7, 8, 9, 10]
16 => [16]
12 a 14 => [12, 13, 14]
15 a 16 => [15, 16]
11 => [11]
1 a 4 => [1, 2, 3, 4]
8 => [8]
7 => [7]
1 a 8 => [1, 2, 3, 4, 5, 6, 7, 8]
1 a 3 => [1, 2, 3]
1 a 3 => [1, 2, 3]
1 a 5 => [1, 2, 3, 4, 5]
3 => [3]
6 => [6]
1 a 7 => [1, 2, 3, 4, 5, 6, 7]
19 a 21 => [19, 20, 21]
13 a 15 => [13, 14, 15]
1 a 8 e 10 a 12 => [1, 2, 3, 4, 5, 6, 7, 8, 10, 11, 12]
16 => [16]
9 => [9]
3,5 e 9 => [3, 5, 9]
1,2,4,6 => [1, 2, 4, 6]
5 e 6 => [5, 6]
7 e 9 => [7, 9]
5,6 e 8 => [5, 6, 8]
1 a 9 => [1, 2, 3, 4, 5, 6, 7, 8, 9]
1a2,4a6 e 8a19 => [1, 2, 4, 5, 6, 8, 9, 10, 11, 12, 13, 14, 15, 16, 17, 18, 19]
3 e 7 => [3, 7]
1 a 4 => [1, 2, 3, 4]
1 a 13 => [1, 2, 3, 4, 5, 6, 7, 8, 9, 10, 11, 12, 13]
8 a 11 => [8, 9, 10, 11]
1 a 16 => [1, 2, 3, 4, 5, 6, 7, 8, 9, 10, 11, 12, 13, 14, 15, 16]
2 a 4 => [2, 3, 4]
1 => [1]
1 => [1]
1 => [1]
2 => [2]
1 => [1]
1 => [1]
2 => [2]
1 a 13 => [1, 2, 3, 4, 5, 6, 7, 8, 9, 10, 11, 12, 13]
1 a 13 => [1, 2, 3, 4, 5, 6, 7, 8, 9, 10, 11, 12, 13]
1 => [1]
1 => [1]
2 => [2]
3 => [3]
4 => [4]
1 a 42 => [1, 2, 3, 4, 5, 6, 7, 8, 9, 10, 11, 12, 13, 14, 15, 16, 17, 18, 19, 20, 21, 22, 23, 24, 25, 26, 27, 28, 29, 30, 31, 32, 33, 34, 35, 36, 37, 38, 39, 40, 41, 42]
1 e 2 => [1, 2]
1 a 3 => [1, 2, 3]
4 => [4]
8 a 9 => [8, 9]
7 => [7]
5 a 6 => [5, 6]
1 e 2 => [1, 2]
3 => [3]
8 => [8]
9 a 11 => [9, 10, 11]
4 a 5 => [4, 5]
6 a 7 => [6, 7]
1 a 5 => [1, 2, 3, 4, 5]
8 => [8]
9 => [9]
10 => [10]
7 => [7]
6 => [6]
1 a 2 => [1, 2]
10 => [10]
8 e 9 => [8, 9]
7 => [7]
6 => [6]
5 => [5]
3 a 4 => [3, 4]
7 => [7]
1 a 6 => [1, 2, 3, 4, 5, 6]
8 a 12 => [8, 9, 10, 11, 12]
1 a 10 => [1, 2, 3, 4, 5, 6, 7, 8, 9, 10]
1 a 4 => [1, 2, 3, 4]
6 => [6]
7 => [7]
8 a 13 => [8, 9, 10, 11, 12, 13]
5 => [5]
1 e 2 => [1, 2]
10,12 e 13 => [10, 12, 13]
9 => [9]
4 e 5 => [4, 5]
6a8 => [6, 7, 8]
11 => [11]
3 => [3]
1 a 8 => [1, 2, 3, 4, 5, 6, 7, 8]
9 e 10 => [9, 10]
1 => [1]
1 => [1]
2 => [2]
1 => [1]
2 => [2]
1 e 2 => [1, 2]
1 => [1]
2 => [2]
3 => [3]
1 => [1]
1 e 2 => [1, 2]
3 => [3]
1 => [1]
01 a 02 => [1, 2]
03 => [3]
3 => [3]
1 a 20 => [1, 2, 3, 4, 5, 6, 7, 8, 9, 10, 11, 12, 13, 14, 15, 16, 17, 18, 19, 20]
1 => [1]
2 => [2]
3 => [3]
01 => [1]
02 => [2]
1 => [1]
02 => [2]
01 => [1]
5 => [5]
1 e 2 => [1, 2]
4 => [4]
1 => [1]
2 => [2]
3 => [3]
1 e 2 => [1, 2]
3 => [3]
1 => [1]
01 => [1]
1 e 2 => [1, 2]
1 e 2 => [1, 2]
1 => [1]
2 => [2]
3 => [3]
1 e 2 => [1, 2]
1 => [1]
2 => [2]
3 => [3]
1 a 98 => [1, 2, 3, 4, 5, 6, 7, 8, 9, 10, 11, 12, 13, 14, 15, 16, 17, 18, 19, 20, 21, 22, 23, 24, 25, 26, 27, 28, 29, 30, 31, 32, 33, 34, 35, 36, 37, 38, 39, 40, 41, 42, 43, 44, 45, 46, 47, 48, 49, 50, 51, 52, 53, 54, 55, 56, 57, 58, 59, 60, 61, 62, 63, 64, 65, 66, 67, 68, 69, 70, 71, 72, 73, 74, 75, 76, 77, 78, 79, 80, 81, 82, 83, 84, 85, 86, 87, 88, 89, 90, 91, 92, 93, 94, 95, 96, 97, 98]
1 => [1]
2 => [2]
1 => [1]
04 e 05 => [4, 5]
1 => [1]
2 => [2]
3 => [3]
1 => [1]
2 => [2]
3 => [3]
1 => [1]
2 => [2]
3 => [3]
2 => [2]
3 => [3]
1 => [1]
6 e7 => [6, 7]
3 => [3]
1, 2 e 3 => [1, 2, 3]
2 => [2]
01 => [1]
02 => [2]
1 a 98 => [1, 2, 3, 4, 5, 6, 7, 8, 9, 10, 11, 12, 13, 14, 15, 16, 17, 18, 19, 20, 21, 22, 23, 24, 25, 26, 27, 28, 29, 30, 31, 32, 33, 34, 35, 36, 37, 38, 39, 40, 41, 42, 43, 44, 45, 46, 47, 48, 49, 50, 51, 52, 53, 54, 55, 56, 57, 58, 59, 60, 61, 62, 63, 64, 65, 66, 67, 68, 69, 70, 71, 72, 73, 74, 75, 76, 77, 78, 79, 80, 81, 82, 83, 84, 85, 86, 87, 88, 89, 90, 91, 92, 93, 94, 95, 96, 97, 98]
1 e 2 => [1, 2]
1 e 2 => [1, 2]
1 a 9 => [1, 2, 3, 4, 5, 6, 7, 8, 9]
2 => [2]
1 => [1]
8 => [8]
1 e 2 => [1, 2]
3 => [3]
1 => [1]
2 => [2]
3 => [3]
4 => [4]
5 => [5]
1 e 2 => [1, 2]
6 e7 => [6, 7]
1 a 3 => [1, 2, 3]
5 => [5]
1 => [1]
2 => [2]
1, 2 e 3 => [1, 2, 3]
4 => [4]
1 => [1]
1 e 2 => [1, 2]
1 e 2 => [1, 2]
6 => [6]
1 => [1]
2 => [2]
1 => [1]
2 => [2]
1 => [1]
1 => [1]
1 => [1]
2 => [2]
1 e 2 => [1, 2]
1 a 5 => [1, 2, 3, 4, 5]
2 => [2]
1 e 2 => [1, 2]
1 => [1]
2 => [2]
3 => [3]
1 e 2 => [1, 2]
1 e 2 => [1, 2]
1 e 2 => [1, 2]
1 => [1]
2 => [2]
1 => [1]
2 => [2]
1 => [1]
1 e 3 => [1, 3]
3 => [3]
1 e 2 => [1, 2]
1 e 2 => [1, 2]
1 e 2 => [1, 2]
1 e 2 => [1, 2]
1 e 2 => [1, 2]
1 => [1]
8 => [8]
3 => [3]
1 => [1]
5 => [5]
1 e 2 => [1, 2]
1 e 2 => [1, 2]
2 => [2]
1 e 2 => [1, 2]
1 e 2 => [1, 2]
5 => [5]
6 => [6]
3 => [3]
1 e 2 => [1, 2]
2 => [2]
1 e 2 => [1, 2]
1 e 2 => [1, 2]
3 => [3]
1 => [1]
2 => [2]
3 => [3]
2 => [2]
1 => [1]
2 => [2]
1 => [1]
2 => [2]
1 a 4 => [1, 2, 3, 4]
1 => [1]
2 => [2]
2 => [2]
1 a 3 => [1, 2, 3]
1 => [1]
1 => [1]
4 e 5 => [4, 5]
1 => [1]
1 => [1]
5 => [5]
1 a 4 => [1, 2, 3, 4]
1 => [1]
3 => [3]
6 => [6]
2 => [2]
3 => [3]
4 => [4]
5 => [5]
1 => [1]
1 e 2 => [1, 2]
1 => [1]
2 => [2]
3 => [3]
3 => [3]
1 => [1]
1 e 2 => [1, 2]
3 => [3]
1 e 2 => [1, 2]
1 => [1]
1 => [1]
1 => [1]
2 => [2]
1 e 2 => [1, 2]
1 e 2 => [1, 2]
1 a 32 => [1, 2, 3, 4, 5, 6, 7, 8, 9, 10, 11, 12, 13, 14, 15, 16, 17, 18, 19, 20, 21, 22, 23, 24, 25, 26, 27, 28, 29, 30, 31, 32]
1 e 2 => [1, 2]
1 e 2 => [1, 2]
1 e 2 => [1, 2]
1 => [1]
1 e 2 => [1, 2]
4 => [4]
3 => [3]
2 e 3 => [2, 3]
2 => [2]
1 => [1]
1 => [1]
3 e 4 => [3, 4]
1 e 2 => [1, 2]
2 => [2]
1 => [1]
2 => [2]
3 => [3]
4 => [4]
1 => [1]
2 => [2]
1 a 3 => [1, 2, 3]
1 a 4 => [1, 2, 3, 4]
1 e 2 => [1, 2]
1 => [1]
1, 2 e 3 => [1, 2, 3]
4 a 6 => [4, 5, 6]
3 => [3]
01 => [1]
02 => [2]
03 => [3]
1 => [1]
1 => [1]
25 => [25]
24, 34, 39 e 47 => [24, 34, 39, 47]
23 => [23]
18, 19, 35, 42, 55 e 61 => [18, 19, 35, 42, 55, 61]
21, 26, 43, 44 e 49 => [21, 26, 43, 44, 49]
50 => [50]
4 e 56 => [4, 56]
3, 7, 27, 29, 30, 31, 51, 54 e 58 => [3, 7, 27, 29, 30, 31, 51, 54, 58]
1, 8, 10,11,12,13,14,15,16,17, 20, 22, 32, 33, 36,37, 41, 45, 48, 52, 57 e 59 => [1, 8, 10, 11, 12, 13, 14, 15, 16, 17, 20, 22, 32, 33, 36, 37, 41, 45, 48, 52, 57, 59]
2, 38, 40, 46, 53 e 60 => [2, 38, 40, 46, 53, 60]
5, 6, 9, 28 => [5, 6, 9, 28]
1 a 31 => [1, 2, 3, 4, 5, 6, 7, 8, 9, 10, 11, 12, 13, 14, 15, 16, 17, 18, 19, 20, 21, 22, 23, 24, 25, 26, 27, 28, 29, 30, 31]
1 => [1]
1 => [1]
1 => [1]
2 => [2]
1 => [1]
2 => [2]
1 => [1]
1 => [1]
2 => [2]
4 => [4]
1 => [1]
2 => [2]
1 => [1]
2 => [2]
1 => [1]
2 => [2]
4 e 5 => [4, 5]
2 => [2]
1 => [1]
1 => [1]
4 e 5 => [4, 5]
01 => [1]
02 => [2]
2 => [2]
1 => [1]
1 => [1]
1 a 14 => [1, 2, 3, 4, 5, 6, 7, 8, 9, 10, 11, 12, 13, 14]
1 => [1]
1 => [1]
1, 2, 3 e 4 => [1, 2, 3, 4]
3 => [3]
1 a 3 => [1, 2, 3]
1 e 2 => [1, 2]
1, 2 e 4 => [1, 2, 4]
3 => [3]
1 e 2 => [1, 2]
1-3 => [1, 2, 3]
3 e 4 => [3, 4]
1 => [1]
1 => [1]
1 => [1]
1 a 27 => [1, 2, 3, 4, 5, 6, 7, 8, 9, 10, 11, 12, 13, 14, 15, 16, 17, 18, 19, 20, 21, 22, 23, 24, 25, 26, 27]
28 a 31 => [28, 29, 30, 31]
1, 2 e 3 => [1, 2, 3]
1 => [1]
1, 2 e 3 => [1, 2, 3]
1 a 17 => [1, 2, 3, 4, 5, 6, 7, 8, 9, 10, 11, 12, 13, 14, 15, 16, 17]
1 a 17 => [1, 2, 3, 4, 5, 6, 7, 8, 9, 10, 11, 12, 13, 14, 15, 16, 17]
18 a 20 => [18, 19, 20]
01 => [1]
02 => [2]
1 e 2 => [1, 2]
01 => [1]
1 => [1]
1 => [1]
2 => [2]
1 => [1]
2 => [2]
01 => [1]
02 => [2]
1 e 2 => [1, 2]
1 e 2 => [1, 2]
1 e 2 => [1, 2]
1, 2 e 3 => [1, 2, 3]
1 => [1]
2 => [2]
1 => [1]
1 => [1]
2 => [2]
1 e 2 => [1, 2]
1 a 6 => [1, 2, 3, 4, 5, 6]
03 => [3]
04 => [4]
1 e 2 => [1, 2]
01 => [1]
02 => [2]
1 e 2 => [1, 2]
1 => [1]
1 => [1]
1 => [1]
1 => [1]
1 => [1]
2 => [2]
1 e 2 => [1, 2]
2 => [2]
1 => [1]
1 e 2 => [1, 2]
1 e 2 => [1, 2]
1 e 2 => [1, 2]
1 e 2 => [1, 2]
3 => [3]
1 => [1]
1 => [1]
2 => [2]
1 => [1]
1, 2 e 3 => [1, 2, 3]
1, 2 e 3 => [1, 2, 3]
1, 2 e 3 => [1, 2, 3]
01 => [1]
02 => [2]
1 e 2 => [1, 2]
1 => [1]
2 => [2]
1 => [1]
1 e 2 => [1, 2]
1 e 2 => [1, 2]
1 e 2 => [1, 2]
2 => [2]
3 => [3]
1 => [1]
1 => [1]
2 => [2]
1, 2 e 3 => [1, 2, 3]
1 e 2 => [1, 2]
1 e 2 => [1, 2]
5 => [5]
2 a 4 => [2, 3, 4]
1 => [1]
01 a 03 => [1, 2, 3]
01 => [1]
02 => [2]
1, 2 e 3 => [1, 2, 3]
1, 2 e 3 => [1, 2, 3]
1 e 2 => [1, 2]
1, 2 e 3 => [1, 2, 3]
1, 2 e 3 => [1, 2, 3]
1 a 4 => [1, 2, 3, 4]
1 a 11 => [1, 2, 3, 4, 5, 6, 7, 8, 9, 10, 11]
1 => [1]
3 => [3]
2 => [2]
1 => [1]
2 => [2]
3 => [3]
4 => [4]
5 => [5]
6 => [6]
7 => [7]
8 => [8]
1 => [1]
1 => [1]
1 => [1]
2 => [2]
1 => [1]
1 e 2 => [1, 2]
1  a 160 => [1, 2, 3, 4, 5, 6, 7, 8, 9, 10, 11, 12, 13, 14, 15, 16, 17, 18, 19, 20, 21, 22, 23, 24, 25, 26, 27, 28, 29, 30, 31, 32, 33, 34, 35, 36, 37, 38, 39, 40, 41, 42, 43, 44, 45, 46, 47, 48, 49, 50, 51, 52, 53, 54, 55, 56, 57, 58, 59, 60, 61, 62, 63, 64, 65, 66, 67, 68, 69, 70, 71, 72, 73, 74, 75, 76, 77, 78, 79, 80, 81, 82, 83, 84, 85, 86, 87, 88, 89, 90, 91, 92, 93, 94, 95, 96, 97, 98, 99, 100, 101, 102, 103, 104, 105, 106, 107, 108, 109, 110, 111, 112, 113, 114, 115, 116, 117, 118, 119, 120, 121, 122, 123, 124, 125, 126, 127, 128, 129, 130, 131, 132, 133, 134, 135, 136, 137, 138, 139, 140, 141, 142, 143, 144, 145, 146, 147, 148, 149, 150, 151, 152, 153, 154, 155, 156, 157, 158, 159, 160]
4 => [4]
2 => [2]
1 e 2 => [1, 2]
3 => [3]
1, 2 e 3 => [1, 2, 3]
1 e 2 => [1, 2]
1 e 2 => [1, 2]
2 => [2]
3 => [3]
1 => [1]
1 e 2 => [1, 2]
01 => [1]
02 => [2]
03 => [3]
2 => [2]
1 => [1]
4 => [4]
5 => [5]
1 => [1]
2 => [2]
2 e 3 => [2, 3]
1 => [1]
1 e 2 => [1, 2]
1 e 2 => [1, 2]
1, 2 e 3 => [1, 2, 3]
1 e 2 => [1, 2]
1 => [1]
1 e 2 => [1, 2]
1 => [1]
1 => [1]
1 => [1]
1 => [1]
1 => [1]
01 => [1]
02 => [2]
03 => [3]
1 a 2 => [1, 2]
3 => [3]
1 e 2 => [1, 2]
1, 2 e 3 => [1, 2, 3]
1 e 2 => [1, 2]
1 => [1]
1 a 20 => [1, 2, 3, 4, 5, 6, 7, 8, 9, 10, 11, 12, 13, 14, 15, 16, 17, 18, 19, 20]
1 => [1]
1 => [1]
1 => [1]
1 a 20 => [1, 2, 3, 4, 5, 6, 7, 8, 9, 10, 11, 12, 13, 14, 15, 16, 17, 18, 19, 20]
1, 2 e 3 => [1, 2, 3]
1 e 2 => [1, 2]
1, 2 e 3 => [1, 2, 3]
1 e 2 => [1, 2]
1 => [1]
1, 2 e 3 => [1, 2, 3]
1 => [1]
1 => [1]
2 => [2]
1 e 2 => [1, 2]
1 a 15 => [1, 2, 3, 4, 5, 6, 7, 8, 9, 10, 11, 12, 13, 14, 15]
1 => [1]
1, 2 e 3 => [1, 2, 3]
1 => [1]
2 => [2]
1 a 3 => [1, 2, 3]
1 => [1]
1 => [1]
1 => [1]
1 => [1]
1 => [1]
1 => [1]
1 => [1]
1 => [1]
1 => [1]
1 => [1]
3 => [3]
2 => [2]
3 => [3]
1 => [1]
2 => [2]
3 => [3]
2 => [2]
1 => [1]
1 => [1]
2 => [2]
1 => [1]
2 => [2]
1 e 2 => [1, 2]
1 e 2 => [1, 2]
2 => [2]
3 => [3]
1 => [1]
1 e 2 => [1, 2]
1 => [1]
1 e 2 => [1, 2]
1 e 2 => [1, 2]
1 e 2 => [1, 2]
1 e 2 => [1, 2]
1 => [1]
2 => [2]
3 => [3]
01 => [1]
02 => [2]
1 e 2 => [1, 2]
1 => [1]
2 => [2]
01 => [1]
02 => [2]
1 => [1]
2 => [2]
1 a 5 => [1, 2, 3, 4, 5]
5 => [5]
1 e 2 => [1, 2]
1 e 2 => [1, 2]
1 => [1]
01 a 02 => [1, 2]
01 => [1]
02 => [2]
03 => [3]
04 => [4]
1 => [1]
2 => [2]
1 a 92 => [1, 2, 3, 4, 5, 6, 7, 8, 9, 10, 11, 12, 13, 14, 15, 16, 17, 18, 19, 20, 21, 22, 23, 24, 25, 26, 27, 28, 29, 30, 31, 32, 33, 34, 35, 36, 37, 38, 39, 40, 41, 42, 43, 44, 45, 46, 47, 48, 49, 50, 51, 52, 53, 54, 55, 56, 57, 58, 59, 60, 61, 62, 63, 64, 65, 66, 67, 68, 69, 70, 71, 72, 73, 74, 75, 76, 77, 78, 79, 80, 81, 82, 83, 84, 85, 86, 87, 88, 89, 90, 91, 92]
5 => [5]
6 => [6]
1 => [1]
3 => [3]
1 => [1]
2 => [2]
1 e 2 => [1, 2]
1 => [1]
01 a 02 => [1, 2]
1 => [1]
1 => [1]
1 => [1]
5 => [5]
2 => [2]
4 => [4]
3 => [3]
1, 2 e 3 => [1, 2, 3]
01 => [1]
02 => [2]
01 => [1]
02 => [2]
2 => [2]
1 => [1]
3 => [3]
2 => [2]
1 a 5 => [1, 2, 3, 4, 5]
2 => [2]
1 a 9 => [1, 2, 3, 4, 5, 6, 7, 8, 9]
1 => [1]
1 a 4 => [1, 2, 3, 4]
1 => [1]
01 a 02 => [1, 2]
03 => [3]
1 a 5 => [1, 2, 3, 4, 5]
2 e 3 => [2, 3]
1 => [1]
2 => [2]
1 => [1]
3 => [3]
2 => [2]
1 => [1]
01 => [1]
02 => [2]
1 a 5 => [1, 2, 3, 4, 5]
01 => [1]
02 => [2]
03 => [3]
01 => [1]
02 => [2]
03 => [3]
01 => [1]
02 => [2]
03 => [3]
1 => [1]
2 => [2]
3 => [3]
4 => [4]
1 => [1]
2 => [2]
1 => [1]
2 => [2]
1 => [1]
2 => [2]
1 => [1]
2 => [2]
1 => [1]
2 => [2]
3 => [3]
4 => [4]
5 => [5]
1 => [1]
2 => [2]
1 a 88 => [1, 2, 3, 4, 5, 6, 7, 8, 9, 10, 11, 12, 13, 14, 15, 16, 17, 18, 19, 20, 21, 22, 23, 24, 25, 26, 27, 28, 29, 30, 31, 32, 33, 34, 35, 36, 37, 38, 39, 40, 41, 42, 43, 44, 45, 46, 47, 48, 49, 50, 51, 52, 53, 54, 55, 56, 57, 58, 59, 60, 61, 62, 63, 64, 65, 66, 67, 68, 69, 70, 71, 72, 73, 74, 75, 76, 77, 78, 79, 80, 81, 82, 83, 84, 85, 86, 87, 88]
1 => [1]
1 => [1]
1 a 5 => [1, 2, 3, 4, 5]
1 => [1]
1 a 3 => [1, 2, 3]
1 e 2 => [1, 2]
2 => [2]
1 => [1]
1 a 8 => [1, 2, 3, 4, 5, 6, 7, 8]
3 e 4 => [3, 4]
1 a 80 => [1, 2, 3, 4, 5, 6, 7, 8, 9, 10, 11, 12, 13, 14, 15, 16, 17, 18, 19, 20, 21, 22, 23, 24, 25, 26, 27, 28, 29, 30, 31, 32, 33, 34, 35, 36, 37, 38, 39, 40, 41, 42, 43, 44, 45, 46, 47, 48, 49, 50, 51, 52, 53, 54, 55, 56, 57, 58, 59, 60, 61, 62, 63, 64, 65, 66, 67, 68, 69, 70, 71, 72, 73, 74, 75, 76, 77, 78, 79, 80]
1 e 2 => [1, 2]
1 a 228 => [1, 2, 3, 4, 5, 6, 7, 8, 9, 10, 11, 12, 13, 14, 15, 16, 17, 18, 19, 20, 21, 22, 23, 24, 25, 26, 27, 28, 29, 30, 31, 32, 33, 34, 35, 36, 37, 38, 39, 40, 41, 42, 43, 44, 45, 46, 47, 48, 49, 50, 51, 52, 53, 54, 55, 56, 57, 58, 59, 60, 61, 62, 63, 64, 65, 66, 67, 68, 69, 70, 71, 72, 73, 74, 75, 76, 77, 78, 79, 80, 81, 82, 83, 84, 85, 86, 87, 88, 89, 90, 91, 92, 93, 94, 95, 96, 97, 98, 99, 100, 101, 102, 103, 104, 105, 106, 107, 108, 109, 110, 111, 112, 113, 114, 115, 116, 117, 118, 119, 120, 121, 122, 123, 124, 125, 126, 127, 128, 129, 130, 131, 132, 133, 134, 135, 136, 137, 138, 139, 140, 141, 142, 143, 144, 145, 146, 147, 148, 149, 150, 151, 152, 153, 154, 155, 156, 157, 158, 159, 160, 161, 162, 163, 164, 165, 166, 167, 168, 169, 170, 171, 172, 173, 174, 175, 176, 177, 178, 179, 180, 181, 182, 183, 184, 185, 186, 187, 188, 189, 190, 191, 192, 193, 194, 195, 196, 197, 198, 199, 200, 201, 202, 203, 204, 205, 206, 207, 208, 209, 210, 211, 212, 213, 214, 215, 216, 217, 218, 219, 220, 221, 222, 223, 224, 225, 226, 227, 228]
1 a 347 => [1, 2, 3, 4, 5, 6, 7, 8, 9, 10, 11, 12, 13, 14, 15, 16, 17, 18, 19, 20, 21, 22, 23, 24, 25, 26, 27, 28, 29, 30, 31, 32, 33, 34, 35, 36, 37, 38, 39, 40, 41, 42, 43, 44, 45, 46, 47, 48, 49, 50, 51, 52, 53, 54, 55, 56, 57, 58, 59, 60, 61, 62, 63, 64, 65, 66, 67, 68, 69, 70, 71, 72, 73, 74, 75, 76, 77, 78, 79, 80, 81, 82, 83, 84, 85, 86, 87, 88, 89, 90, 91, 92, 93, 94, 95, 96, 97, 98, 99, 100, 101, 102, 103, 104, 105, 106, 107, 108, 109, 110, 111, 112, 113, 114, 115, 116, 117, 118, 119, 120, 121, 122, 123, 124, 125, 126, 127, 128, 129, 130, 131, 132, 133, 134, 135, 136, 137, 138, 139, 140, 141, 142, 143, 144, 145, 146, 147, 148, 149, 150, 151, 152, 153, 154, 155, 156, 157, 158, 159, 160, 161, 162, 163, 164, 165, 166, 167, 168, 169, 170, 171, 172, 173, 174, 175, 176, 177, 178, 179, 180, 181, 182, 183, 184, 185, 186, 187, 188, 189, 190, 191, 192, 193, 194, 195, 196, 197, 198, 199, 200, 201, 202, 203, 204, 205, 206, 207, 208, 209, 210, 211, 212, 213, 214, 215, 216, 217, 218, 219, 220, 221, 222, 223, 224, 225, 226, 227, 228, 229, 230, 231, 232, 233, 234, 235, 236, 237, 238, 239, 240, 241, 242, 243, 244, 245, 246, 247, 248, 249, 250, 251, 252, 253, 254, 255, 256, 257, 258, 259, 260, 261, 262, 263, 264, 265, 266, 267, 268, 269, 270, 271, 272, 273, 274, 275, 276, 277, 278, 279, 280, 281, 282, 283, 284, 285, 286, 287, 288, 289, 290, 291, 292, 293, 294, 295, 296, 297, 298, 299, 300, 301, 302, 303, 304, 305, 306, 307, 308, 309, 310, 311, 312, 313, 314, 315, 316, 317, 318, 319, 320, 321, 322, 323, 324, 325, 326, 327, 328, 329, 330, 331, 332, 333, 334, 335, 336, 337, 338, 339, 340, 341, 342, 343, 344, 345, 346, 347]
2 => [2]
2 => [2]
1 => [1]
2 => [2]
11, 12 e 18 => [11, 12, 18]
1 => [1]
1 e 2  => [1, 2]
1 => [1]
2 => [2]
3 => [3]
4 => [4]
5 => [5]
1 => [1]
2 => [2]
3 => [3]
1 => [1]
1 => [1]
4 => [4]
3 => [3]
1  e 2 => [1, 2]
1 => [1]
5 e 6 => [5, 6]
1 => [1]
1 => [1]
2 => [2]
3 => [3]
1 => [1]
2 => [2]
1 e 2 => [1, 2]
01 => [1]
02 => [2]
03 => [3]
04 => [4]
1 => [1]
1 a 4 => [1, 2, 3, 4]
1 a 8 => [1, 2, 3, 4, 5, 6, 7, 8]
1 a 3 => [1, 2, 3]
01 => [1]
02 => [2]
03 => [3]
04 => [4]
1 a 20 => [1, 2, 3, 4, 5, 6, 7, 8, 9, 10, 11, 12, 13, 14, 15, 16, 17, 18, 19, 20]
1 a 3 => [1, 2, 3]
1 e 2 => [1, 2]
1 a 9 => [1, 2, 3, 4, 5, 6, 7, 8, 9]
2 e 3 => [2, 3]
3 => [3]
4 => [4]
01 => [1]
02 => [2]
1 => [1]
1 e 2 => [1, 2]
1 => [1]
1 a 12 => [1, 2, 3, 4, 5, 6, 7, 8, 9, 10, 11, 12]
1 a 19 => [1, 2, 3, 4, 5, 6, 7, 8, 9, 10, 11, 12, 13, 14, 15, 16, 17, 18, 19]
1 => [1]
2 => [2]
3 => [3]
4 => [4]
5 => [5]
6 => [6]
7 => [7]
8 => [8]
9 => [9]
10 => [10]
11 => [11]
12 => [12]
13 => [13]
14 => [14]
15 => [15]
16 => [16]
17 => [17]
18 => [18]
19 => [19]
20 => [20]
21 => [21]
22 => [22]
23 => [23]
24 => [24]
25 => [25]
26 => [26]
27 => [27]
28 => [28]
29 => [29]
30 => [30]
31 => [31]
32 => [32]
33 => [33]
34 => [34]
35 => [35]
36 => [36]
37 => [37]
38 => [38]
39 => [39]
40 => [40]
41 => [41]
42 => [42]
43 => [43]
44 => [44]
45 => [45]
46 => [46]
47 => [47]
48 => [48]
49 => [49]
50 => [50]
2 => [2]
1 => [1]
01 => [1]
02 => [2]
1 e 2 => [1, 2]
1 e 2 => [1, 2]
3 => [3]
1 => [1]
1 e 2 => [1, 2]
1 => [1]
2 => [2]
1 => [1]
1 => [1]
1 a 13 => [1, 2, 3, 4, 5, 6, 7, 8, 9, 10, 11, 12, 13]
14 => [14]
15 => [15]
16 => [16]
17 => [17]
1 => [1]
2 => [2]
1 => [1]
2 => [2]
1 => [1]
1 e 2 => [1, 2]
1 => [1]
1 => [1]
2 => [2]
1 e 2 => [1, 2]
2 => [2]
1 => [1]
1 e 2 => [1, 2]
1 e 2 => [1, 2]
01 => [1]
02 => [2]
1 => [1]
2 => [2]
1 => [1]
2 => [2]
3 => [3]
4 => [4]
5 => [5]
6 => [6]
7 => [7]
8 => [8]
9 => [9]
10 => [10]
11 => [11]
12 => [12]
13 => [13]
14 => [14]
15 => [15]
16 => [16]
17 => [17]
18 => [18]
19 => [19]
20 => [20]
21 => [21]
22 => [22]
23 => [23]
24 => [24]
25 => [25]
26 => [26]
27 => [27]
28 => [28]
29 => [29]
30 => [30]
31 => [31]
32 => [32]
33 => [33]
34 => [34]
35 => [35]
36 => [36]
37 => [37]
38 => [38]
39 => [39]
40 => [40]
41 => [41]
42 => [42]
43 => [43]
44 => [44]
45 => [45]
46 => [46]
47 => [47]
48 => [48]
49 => [49]
50 => [50]
1 => [1]
2 e 3 => [2, 3]
1 => [1]
1 e 2 => [1, 2]
1 => [1]
1 => [1]
1 e 2 => [1, 2]
01 a 02 => [1, 2]
1 e 2 => [1, 2]
1 => [1]
1 e 2 => [1, 2]
1 => [1]
1 => [1]
1 e 2 => [1, 2]
1 => [1]
1 => [1]
1 => [1]
2 => [2]
1 => [1]
3 => [3]
4 => [4]
1 e 2 => [1, 2]
1 => [1]
2 => [2]
1 => [1]
1 => [1]
3 => [3]
1 e 2 => [1, 2]
1 e 2 => [1, 2]
1 e 2 => [1, 2]
1 => [1]
1 e 2 => [1, 2]
1 => [1]
1 => [1]
2 => [2]
1 => [1]
2 => [2]
1 e 2 => [1, 2]
1 => [1]
1 e 2 => [1, 2]
1 a 3  => [1, 2, 3]
1 => [1]
1 e 2 => [1, 2]
1 e 2 => [1, 2]
1 e 2 => [1, 2]
1 e 2 => [1, 2]
1 a 24 => [1, 2, 3, 4, 5, 6, 7, 8, 9, 10, 11, 12, 13, 14, 15, 16, 17, 18, 19, 20, 21, 22, 23, 24]
1, 2 e 3 => [1, 2, 3]
01 a 02 => [1, 2]
2 => [2]
1 => [1]
01 a 02 => [1, 2]
1 => [1]
1 e 2 => [1, 2]
1 => [1]
2 => [2]
3 => [3]
1 => [1]
2 => [2]
1 => [1]
2 => [2]
3 => [3]
1 => [1]
1 a 3 => [1, 2, 3]
1, 2 e 3 => [1, 2, 3]
1 e 2 => [1, 2]
1 e 2 => [1, 2]
1 a 3 => [1, 2, 3]
1 => [1]
2 => [2]
1 => [1]
3 => [3]
2 => [2]
3 => [3]
1 => [1]
1 a 12 => [1, 2, 3, 4, 5, 6, 7, 8, 9, 10, 11, 12]
13 a 23 => [13, 14, 15, 16, 17, 18, 19, 20, 21, 22, 23]
1 => [1]
01 a 02 => [1, 2]
1 => [1]
2 => [2]
1 e 2 => [1, 2]
1 e 2 => [1, 2]
1 e 2 => [1, 2]
1 => [1]
1 a 5 => [1, 2, 3, 4, 5]
1 a 7 => [1, 2, 3, 4, 5, 6, 7]
1 a 6 => [1, 2, 3, 4, 5, 6]
1 e 2 => [1, 2]
01 a 02 => [1, 2]
1, 2 e 3 => [1, 2, 3]
1 e 2 => [1, 2]
1 => [1]
2 => [2]
1 => [1]
2 => [2]
1 => [1]
2 => [2]
1 => [1]
1 => [1]
1 => [1]
1 => [1]
1 e 2 => [1, 2]
01 a 02 => [1, 2]
1 => [1]
1 e 2 => [1, 2]
1 => [1]
2 => [2]
1 => [1]
1 => [1]
2 => [2]
1 => [1]
1 => [1]
1 e 2 => [1, 2]
3 => [3]
4 => [4]
1 a 25 => [1, 2, 3, 4, 5, 6, 7, 8, 9, 10, 11, 12, 13, 14, 15, 16, 17, 18, 19, 20, 21, 22, 23, 24, 25]
1 a 20 => [1, 2, 3, 4, 5, 6, 7, 8, 9, 10, 11, 12, 13, 14, 15, 16, 17, 18, 19, 20]
1 => [1]
1 a 4 => [1, 2, 3, 4]
5 a 10 => [5, 6, 7, 8, 9, 10]
15 a 16 => [15, 16]
11 e 12 => [11, 12]
13 e 14 => [13, 14]
17 e 18 => [17, 18]
1 => [1]
1 => [1]
1 => [1]
2 => [2]
1 => [1]
01 e 02 => [1, 2]
1 => [1]
1 a 8 => [1, 2, 3, 4, 5, 6, 7, 8]
1 => [1]
1 a 15 => [1, 2, 3, 4, 5, 6, 7, 8, 9, 10, 11, 12, 13, 14, 15]
1 a15 => [1, 2, 3, 4, 5, 6, 7, 8, 9, 10, 11, 12, 13, 14, 15]
1 a 20 => [1, 2, 3, 4, 5, 6, 7, 8, 9, 10, 11, 12, 13, 14, 15, 16, 17, 18, 19, 20]
1 a 9 => [1, 2, 3, 4, 5, 6, 7, 8, 9]
1 => [1]
1 => [1]
1 a 18 => [1, 2, 3, 4, 5, 6, 7, 8, 9, 10, 11, 12, 13, 14, 15, 16, 17, 18]
1 a 18 => [1, 2, 3, 4, 5, 6, 7, 8, 9, 10, 11, 12, 13, 14, 15, 16, 17, 18]
1 a 18 => [1, 2, 3, 4, 5, 6, 7, 8, 9, 10, 11, 12, 13, 14, 15, 16, 17, 18]
1 e 2 => [1, 2]
1 a 15 => [1, 2, 3, 4, 5, 6, 7, 8, 9, 10, 11, 12, 13, 14, 15]
1 => [1]
1 => [1]
1 a 8 => [1, 2, 3, 4, 5, 6, 7, 8]
10 a 15 => [10, 11, 12, 13, 14, 15]
9 => [9]
1 a 7 => [1, 2, 3, 4, 5, 6, 7]
8 a 15 => [8, 9, 10, 11, 12, 13, 14, 15]
1 e 10 => [1, 10]
2 e 11 => [2, 11]
3 => [3]
4, 5 e 12 => [4, 5, 12]
6 a 9 e 13 => [6, 7, 8, 9, 13]
14 => [14]
1 a 18 => [1, 2, 3, 4, 5, 6, 7, 8, 9, 10, 11, 12, 13, 14, 15, 16, 17, 18]
1 a 18 => [1, 2, 3, 4, 5, 6, 7, 8, 9, 10, 11, 12, 13, 14, 15, 16, 17, 18]
1 e 2 => [1, 2]
1 => [1]
2 => [2]
1 a 12 => [1, 2, 3, 4, 5, 6, 7, 8, 9, 10, 11, 12]
1 a 7 => [1, 2, 3, 4, 5, 6, 7]
1 a 6 => [1, 2, 3, 4, 5, 6]
1 a 15 => [1, 2, 3, 4, 5, 6, 7, 8, 9, 10, 11, 12, 13, 14, 15]
1 a 18 => [1, 2, 3, 4, 5, 6, 7, 8, 9, 10, 11, 12, 13, 14, 15, 16, 17, 18]
1 a 16 => [1, 2, 3, 4, 5, 6, 7, 8, 9, 10, 11, 12, 13, 14, 15, 16]
1 a 5 => [1, 2, 3, 4, 5]
1 a 19 => [1, 2, 3, 4, 5, 6, 7, 8, 9, 10, 11, 12, 13, 14, 15, 16, 17, 18, 19]
1 a 17 => [1, 2, 3, 4, 5, 6, 7, 8, 9, 10, 11, 12, 13, 14, 15, 16, 17]
1 a 4 => [1, 2, 3, 4]
1 a 15 => [1, 2, 3, 4, 5, 6, 7, 8, 9, 10, 11, 12, 13, 14, 15]
1 a 13 => [1, 2, 3, 4, 5, 6, 7, 8, 9, 10, 11, 12, 13]
5 a 12 => [5, 6, 7, 8, 9, 10, 11, 12]
1 a 4 => [1, 2, 3, 4]
1 a 12 => [1, 2, 3, 4, 5, 6, 7, 8, 9, 10, 11, 12]
3, 4 e 7 => [3, 4, 7]
1, 2, 5 e 6 => [1, 2, 5, 6]
9 e 10 => [9, 10]
8 e 11 => [8, 11]
13 => [13]
12 => [12]
1 a 12 => [1, 2, 3, 4, 5, 6, 7, 8, 9, 10, 11, 12]
1 => [1]
1 a 7 => [1, 2, 3, 4, 5, 6, 7]
1 a 13 => [1, 2, 3, 4, 5, 6, 7, 8, 9, 10, 11, 12, 13]
01 a 02 => [1, 2]
1 e 2 => [1, 2]
1 a 41 => [1, 2, 3, 4, 5, 6, 7, 8, 9, 10, 11, 12, 13, 14, 15, 16, 17, 18, 19, 20, 21, 22, 23, 24, 25, 26, 27, 28, 29, 30, 31, 32, 33, 34, 35, 36, 37, 38, 39, 40, 41]
1 a13 => [1, 2, 3, 4, 5, 6, 7, 8, 9, 10, 11, 12, 13]
1 a 19 => [1, 2, 3, 4, 5, 6, 7, 8, 9, 10, 11, 12, 13, 14, 15, 16, 17, 18, 19]
1 a 18 => [1, 2, 3, 4, 5, 6, 7, 8, 9, 10, 11, 12, 13, 14, 15, 16, 17, 18]
1 a 4 => [1, 2, 3, 4]
1 => [1]
1 => [1]
2 => [2]
3 => [3]
4 => [4]
5 => [5]
6 => [6]
1 => [1]
2 => [2]
3 => [3]
1 e 4 => [1, 4]
2 e 3 => [2, 3]
